0.101138 0.096054 0.095192 0.098623 0.103852 0.110896 0.106790 0.106814 0.105857 0.106009 0.098043 0.112003 0.115760 0.107785 0.103608 0.110435 0.103495
0.096054 0.083702 0.085494 0.087768 0.097373 0.104419 0.100313 0.100338 0.099379 0.099533 0.091565 0.105527 0.109281 0.101309 0.097125 0.103958 0.097018
0.095192 0.085494 0.083544 0.088399 0.096535 0.103580 0.099474 0.099498 0.098541 0.098694 0.090727 0.104687 0.108442 0.100470 0.096288 0.103119 0.096179
0.098623 0.087768 0.088399 0.085780 0.099924 0.106971 0.102865 0.102889 0.101931 0.102085 0.094117 0.108079 0.111832 0.103861 0.099676 0.106509 0.099569
0.103852 0.097373 0.096535 0.099924 0.097952 0.106152 0.102070 0.101933 0.100425 0.101354 0.094881 0.107302 0.110932 0.103187 0.101001 0.105436 0.100891
0.110896 0.104419 0.103580 0.106971 0.106152 0.092259 0.098596 0.100713 0.105971 0.100227 0.102015 0.101108 0.118432 0.104515 0.108185 0.105431 0.108025
0.106790 0.100313 0.099474 0.102865 0.102070 0.098596 0.092209 0.096743 0.101917 0.095648 0.097911 0.099564 0.114363 0.100126 0.104084 0.102005 0.103922
0.106814 0.100338 0.099498 0.102889 0.101933 0.100713 0.096743 0.092723 0.101354 0.097229 0.097916 0.102147 0.114255 0.101043 0.104079 0.101004 0.103927
0.105857 0.099379 0.098541 0.101931 0.100425 0.105971 0.101917 0.101354 0.097299 0.101378 0.096904 0.107181 0.112988 0.103653 0.103037 0.104949 0.102916
0.106009 0.099533 0.098694 0.102085 0.101354 0.100227 0.095648 0.097229 0.101378 0.091527 0.097134 0.101036 0.113660 0.098173 0.103314 0.102490 0.103147
0.098043 0.091565 0.090727 0.094117 0.094881 0.102015 0.097911 0.097916 0.096904 0.097134 0.088027 0.103128 0.106821 0.098892 0.095308 0.101525 0.094964
0.112003 0.105527 0.104687 0.108079 0.107302 0.101108 0.099564 0.102147 0.107181 0.101036 0.103128 0.094396 0.119586 0.105413 0.109302 0.107127 0.109139
0.115760 0.109281 0.108442 0.111832 0.110932 0.118432 0.114363 0.114255 0.112988 0.113660 0.106821 0.119586 0.119781 0.115511 0.112884 0.117654 0.112799
0.107785 0.101309 0.100470 0.103861 0.103187 0.104515 0.100126 0.101043 0.103653 0.098173 0.098892 0.105413 0.115511 0.093376 0.105085 0.105878 0.104916
0.103608 0.097125 0.096288 0.099676 0.101001 0.108185 0.104084 0.104079 0.103037 0.103314 0.095308 0.109302 0.112884 0.105085 0.099974 0.107673 0.100794
0.110435 0.103958 0.103119 0.106509 0.105436 0.105431 0.102005 0.101004 0.104949 0.102490 0.101525 0.107127 0.117654 0.105878 0.107673 0.094878 0.107533
0.103495 0.097018 0.096179 0.099569 0.100891 0.108025 0.103922 0.103927 0.102916 0.103147 0.094964 0.109139 0.112799 0.104916 0.100794 0.107533 0.099706
