0.092547 0.094172 0.092126 0.092663 0.093505 0.091901 0.092668 0.102652 0.104408 0.104168 0.111557 0.105632 0.100059 0.103972 0.106628 0.095564 0.101303 0.107133 0.099663 0.104506 0.103480 0.096339 0.101233 0.091407 0.092701 0.099883 0.110708 0.102145 0.103885 0.105773 0.107745 0.104305 0.105997 0.105172 0.102543 0.102678 0.108805 0.103562 0.099401 0.107561 0.106388 0.097954 0.102820
0.094172 0.093306 0.092893 0.093899 0.093356 0.093192 0.093891 0.102626 0.104383 0.104144 0.111532 0.105606 0.100032 0.103946 0.106601 0.095537 0.101277 0.107107 0.099637 0.104480 0.103454 0.096313 0.101207 0.091380 0.092674 0.099856 0.110682 0.102119 0.103860 0.105747 0.107719 0.104279 0.105971 0.105146 0.102517 0.102651 0.108779 0.103536 0.099373 0.107535 0.106362 0.097928 0.102793
0.092126 0.092893 0.090539 0.091915 0.092224 0.091192 0.091913 0.101382 0.103140 0.102902 0.110289 0.104364 0.098790 0.102702 0.105357 0.094293 0.100030 0.105861 0.098391 0.103234 0.102209 0.095067 0.099961 0.090137 0.091431 0.098613 0.109439 0.100870 0.102611 0.104499 0.106472 0.103036 0.104727 0.103900 0.101272 0.101406 0.107533 0.102289 0.098131 0.106292 0.105116 0.096681 0.101550
0.092663 0.093899 0.091915 0.089807 0.093232 0.091026 0.090695 0.102371 0.104126 0.103885 0.111276 0.105350 0.099778 0.103691 0.106348 0.095284 0.101025 0.106855 0.099385 0.104227 0.103201 0.096061 0.100955 0.091127 0.092421 0.099603 0.110427 0.101867 0.103608 0.105495 0.107466 0.104025 0.105717 0.104894 0.102264 0.102398 0.108527 0.103283 0.099121 0.107281 0.106109 0.097675 0.102540
0.093505 0.093356 0.092224 0.093232 0.090361 0.092525 0.093225 0.100982 0.102747 0.102519 0.109890 0.103969 0.098383 0.102300 0.104951 0.093884 0.099621 0.105452 0.097982 0.102825 0.101801 0.094658 0.099552 0.089725 0.091019 0.098202 0.109039 0.100459 0.102201 0.104088 0.106063 0.102634 0.104321 0.103491 0.100862 0.100998 0.107124 0.101880 0.097720 0.105890 0.104708 0.096272 0.101139
0.091901 0.093192 0.091192 0.091026 0.092525 0.089933 0.091053 0.101667 0.103422 0.103182 0.110572 0.104647 0.099074 0.102987 0.105643 0.094579 0.100320 0.106150 0.098680 0.103522 0.102496 0.095356 0.100250 0.090423 0.091717 0.098899 0.109723 0.101162 0.102903 0.104790 0.106761 0.103321 0.105013 0.104189 0.101560 0.101694 0.107822 0.102578 0.098416 0.106576 0.105404 0.096970 0.101836
0.092668 0.093891 0.091913 0.090695 0.093225 0.091053 0.089884 0.102363 0.104118 0.103877 0.111268 0.105342 0.099770 0.103683 0.106340 0.095276 0.101017 0.106847 0.099377 0.104219 0.103193 0.096053 0.100947 0.091119 0.092413 0.099595 0.110419 0.101860 0.103601 0.105488 0.107459 0.104017 0.105709 0.104886 0.102256 0.102390 0.108519 0.103276 0.099113 0.107273 0.106101 0.097667 0.102532
0.102652 0.102626 0.101382 0.102371 0.100982 0.101667 0.102363 0.093822 0.100517 0.103792 0.104680 0.102362 0.102665 0.096526 0.103611 0.095043 0.101636 0.106938 0.099381 0.103769 0.101838 0.096008 0.101176 0.094145 0.095560 0.102689 0.102866 0.104203 0.105676 0.107469 0.107796 0.096909 0.102228 0.105083 0.102672 0.101005 0.108684 0.103439 0.102342 0.100029 0.104866 0.097722 0.105186
0.104408 0.104383 0.103140 0.104126 0.102747 0.103422 0.104118 0.100517 0.095121 0.102872 0.107833 0.102443 0.104206 0.102648 0.107971 0.098411 0.104836 0.110312 0.102781 0.107321 0.105692 0.099427 0.104477 0.096098 0.097445 0.104508 0.108169 0.106851 0.108410 0.110233 0.111089 0.103023 0.106905 0.108422 0.105840 0.104898 0.112033 0.106789 0.104137 0.106204 0.108715 0.101103 0.107290
0.104168 0.104144 0.102902 0.103885 0.102519 0.103182 0.103877 0.103792 0.102872 0.099041 0.111878 0.105175 0.103918 0.105543 0.109635 0.099382 0.105683 0.111282 0.103770 0.108417 0.107001 0.100429 0.105402 0.096091 0.097390 0.104437 0.111587 0.107303 0.108924 0.110769 0.112001 0.105906 0.108798 0.109367 0.106667 0.106234 0.112986 0.107741 0.104013 0.109125 0.110019 0.102079 0.107394
0.111557 0.111532 0.110289 0.111276 0.109890 0.110572 0.111268 0.104680 0.107833 0.111878 0.111165 0.109970 0.111472 0.107122 0.113540 0.104577 0.111100 0.116473 0.108926 0.113375 0.111563 0.105561 0.110683 0.103117 0.104505 0.111605 0.112385 0.113451 0.114958 0.116765 0.117297 0.107506 0.112284 0.114603 0.112127 0.110742 0.118208 0.112964 0.111253 0.110659 0.114582 0.107260 0.114219
0.105632 0.105606 0.104364 0.105350 0.103969 0.104647 0.105342 0.102362 0.102443 0.105175 0.109970 0.099378 0.105304 0.104421 0.109489 0.099790 0.106200 0.111699 0.104171 0.108732 0.107141 0.100820 0.105854 0.097270 0.098606 0.105633 0.109883 0.108144 0.109714 0.111541 0.112465 0.104795 0.108470 0.109804 0.107195 0.106356 0.113417 0.108173 0.105288 0.107981 0.110167 0.102490 0.108484
0.100059 0.100032 0.098790 0.099778 0.098383 0.099074 0.099770 0.102665 0.104206 0.103918 0.111472 0.105304 0.098603 0.104029 0.106878 0.095925 0.102163 0.107872 0.100376 0.105122 0.103901 0.097047 0.101942 0.091598 0.092839 0.099862 0.110679 0.103428 0.105105 0.106975 0.108539 0.104379 0.106280 0.105935 0.103086 0.103170 0.109559 0.104316 0.099369 0.107637 0.106928 0.098672 0.103015
0.103972 0.103946 0.102702 0.103691 0.102300 0.102987 0.103683 0.096526 0.102648 0.105543 0.107122 0.104421 0.104029 0.093505 0.104387 0.096088 0.102783 0.108066 0.100504 0.104874 0.102874 0.097132 0.102297 0.095419 0.096850 0.103997 0.105390 0.105409 0.106872 0.108661 0.108933 0.098638 0.103432 0.106215 0.103775 0.102130 0.109814 0.104568 0.103652 0.102011 0.106024 0.098846 0.106419
0.106628 0.106601 0.105357 0.106348 0.104951 0.105643 0.106340 0.103611 0.107971 0.109635 0.113540 0.109489 0.106878 0.104387 0.103780 0.097232 0.104514 0.109698 0.102108 0.106372 0.103959 0.098741 0.103878 0.097951 0.099440 0.106659 0.112169 0.107485 0.108893 0.110660 0.110609 0.104591 0.105689 0.107862 0.105258 0.103770 0.111454 0.106207 0.106311 0.108071 0.107861 0.100453 0.108814
0.095564 0.095537 0.094293 0.095284 0.093884 0.094579 0.095276 0.095043 0.098411 0.099382 0.104577 0.099790 0.095925 0.096088 0.097232 0.082499 0.093120 0.098305 0.090685 0.095061 0.093171 0.087360 0.092102 0.086823 0.088343 0.095601 0.103403 0.096143 0.097535 0.099301 0.099211 0.096280 0.096772 0.096462 0.092211 0.093098 0.100050 0.094798 0.095252 0.099574 0.097087 0.088995 0.097730
0.101303 0.101277 0.100030 0.101025 0.099621 0.100320 0.101017 0.101636 0.104836 0.105683 0.111100 0.106200 0.102163 0.102783 0.104514 0.093120 0.083115 0.096703 0.090302 0.096890 0.099156 0.086848 0.094316 0.093151 0.094613 0.101858 0.109963 0.096286 0.096575 0.097877 0.095167 0.102911 0.102828 0.093984 0.099090 0.096786 0.098167 0.093509 0.101486 0.106069 0.099570 0.088979 0.104255
0.107133 0.107107 0.105861 0.106855 0.105452 0.106150 0.106847 0.106938 0.110312 0.111282 0.116473 0.111699 0.107872 0.108066 0.109698 0.098305 0.096703 0.094016 0.094592 0.101287 0.104038 0.090709 0.099107 0.098866 0.100337 0.107578 0.115300 0.103743 0.104546 0.106083 0.101957 0.108165 0.107841 0.098969 0.104305 0.101377 0.103060 0.098188 0.107212 0.111308 0.103894 0.093370 0.109928
0.099663 0.099637 0.098391 0.099385 0.097982 0.098680 0.099377 0.099381 0.102781 0.103770 0.108926 0.104171 0.100376 0.100504 0.102108 0.090685 0.090302 0.094592 0.086119 0.093548 0.096392 0.083704 0.091205 0.091368 0.092841 0.100083 0.107748 0.096612 0.097511 0.099072 0.095839 0.100600 0.100250 0.092811 0.096645 0.093799 0.096276 0.090954 0.099717 0.103747 0.096542 0.085131 0.102421
0.104506 0.104480 0.103234 0.104227 0.102825 0.103522 0.104219 0.103769 0.107321 0.108417 0.113375 0.108732 0.105122 0.104874 0.106372 0.095061 0.096890 0.101287 0.093548 0.095437 0.100240 0.090122 0.096836 0.096122 0.097600 0.104839 0.112166 0.102366 0.103393 0.105006 0.102553 0.104946 0.104367 0.099591 0.101347 0.097601 0.103132 0.097882 0.104478 0.108090 0.101145 0.092068 0.107141
0.103480 0.103454 0.102209 0.103201 0.101801 0.102496 0.103193 0.101838 0.105692 0.107001 0.111563 0.107141 0.103901 0.102874 0.103959 0.093171 0.099156 0.104038 0.096392 0.100240 0.095947 0.093006 0.098412 0.094912 0.096402 0.103636 0.110295 0.103094 0.104351 0.106060 0.105087 0.102927 0.102108 0.102259 0.100696 0.097640 0.105832 0.100583 0.103283 0.106150 0.102127 0.094775 0.105859
0.096339 0.096313 0.095067 0.096061 0.094658 0.095356 0.096053 0.096008 0.099427 0.100429 0.105561 0.100820 0.097047 0.097132 0.098741 0.087360 0.086848 0.090709 0.083704 0.090122 0.093006 0.077972 0.088163 0.088042 0.089514 0.096756 0.104379 0.093297 0.094179 0.095739 0.092337 0.097222 0.096832 0.089298 0.093390 0.090227 0.092909 0.087756 0.096391 0.100360 0.092676 0.082467 0.099094
0.101233 0.101207 0.099961 0.100955 0.099552 0.100250 0.100947 0.101176 0.104477 0.105402 0.110683 0.105854 0.101942 0.102297 0.103878 0.092102 0.094316 0.099107 0.091205 0.096836 0.098412 0.088163 0.081887 0.092916 0.094393 0.101639 0.109523 0.098812 0.099943 0.101626 0.100166 0.102421 0.102312 0.097293 0.096721 0.096609 0.100828 0.095534 0.101274 0.105601 0.099831 0.089024 0.103972
0.091407 0.091380 0.090137 0.091127 0.089725 0.090423 0.091119 0.094145 0.096098 0.096091 0.103117 0.097270 0.091598 0.095419 0.097951 0.086823 0.093151 0.098866 0.091368 0.096122 0.094912 0.088042 0.092916 0.082147 0.083763 0.091094 0.102221 0.094408 0.096089 0.097961 0.099530 0.095764 0.097429 0.096928 0.093990 0.094209 0.100552 0.095309 0.090759 0.099033 0.097971 0.089663 0.093607
0.092701 0.092674 0.091431 0.092421 0.091019 0.091717 0.092413 0.095560 0.097445 0.097390 0.104505 0.098606 0.092839 0.096850 0.099440 0.088343 0.094613 0.100337 0.092841 0.097600 0.096402 0.089514 0.094393 0.083763 0.084955 0.092309 0.103623 0.095841 0.097526 0.099400 0.100997 0.097196 0.098899 0.098397 0.095495 0.095687 0.102022 0.096778 0.091988 0.100463 0.099445 0.091135 0.095211
0.099883 0.099856 0.098613 0.099603 0.098202 0.098899 0.099595 0.102689 0.104508 0.104437 0.111605 0.105633 0.099862 0.103997 0.106659 0.095601 0.101858 0.107578 0.100083 0.104839 0.103636 0.096756 0.101639 0.091094 0.092309 0.098460 0.110735 0.103093 0.104776 0.106650 0.108240 0.104343 0.106103 0.105639 0.102754 0.102916 0.109264 0.104021 0.099069 0.107608 0.106673 0.098378 0.102533
0.110708 0.110682 0.109439 0.110427 0.109039 0.109723 0.110419 0.102866 0.108169 0.111587 0.112385 0.109883 0.110679 0.105390 0.112169 0.103403 0.109963 0.115300 0.107748 0.112166 0.110295 0.104379 0.109523 0.102221 0.103623 0.110735 0.105981 0.112422 0.113912 0.115712 0.116141 0.105806 0.110854 0.113438 0.110992 0.109468 0.117040 0.111796 0.110393 0.108946 0.113319 0.106085 0.113293
0.102145 0.102119 0.100870 0.101867 0.100459 0.101162 0.101860 0.104203 0.106851 0.107303 0.113451 0.108144 0.103428 0.105409 0.107485 0.096143 0.096286 0.103743 0.096612 0.102366 0.103094 0.093297 0.098812 0.094408 0.095841 0.103093 0.112422 0.090679 0.093744 0.096511 0.103627 0.105628 0.106293 0.101503 0.102113 0.101484 0.105261 0.100087 0.102705 0.108835 0.104725 0.094937 0.105647
0.103885 0.103860 0.102611 0.103608 0.102201 0.102903 0.103601 0.105676 0.108410 0.108924 0.114958 0.109714 0.105105 0.106872 0.108893 0.097535 0.096575 0.104546 0.097511 0.103393 0.104351 0.094179 0.099943 0.096089 0.097526 0.104776 0.113912 0.093744 0.089859 0.097717 0.104182 0.107077 0.107627 0.102240 0.103476 0.102627 0.106057 0.100942 0.104391 0.110276 0.105802 0.095877 0.107306
0.105773 0.105747 0.104499 0.105495 0.104088 0.104790 0.105488 0.107469 0.110233 0.110769 0.116765 0.111541 0.106975 0.108661 0.110660 0.099301 0.097877 0.106083 0.099072 0.105006 0.106060 0.095739 0.101626 0.097961 0.099400 0.106650 0.115712 0.096511 0.097717 0.089518 0.105741 0.108860 0.109364 0.103749 0.105238 0.104286 0.107562 0.102466 0.106265 0.112058 0.107434 0.097455 0.109169
0.107745 0.107719 0.106472 0.107466 0.106063 0.106761 0.107459 0.107796 0.111089 0.112001 0.117297 0.112465 0.108539 0.108933 0.110609 0.099211 0.095167 0.101957 0.095839 0.102553 0.105087 0.092337 0.100166 0.099530 0.100997 0.108240 0.116141 0.103627 0.104182 0.105741 0.098301 0.109045 0.108836 0.099123 0.105195 0.102581 0.103666 0.099069 0.107872 0.112196 0.105284 0.094574 0.110612
0.104305 0.104279 0.103036 0.104025 0.102634 0.103321 0.104017 0.096909 0.103023 0.105906 0.107506 0.104795 0.104379 0.098638 0.104591 0.096280 0.102911 0.108165 0.100600 0.104946 0.102927 0.097222 0.102421 0.095764 0.097196 0.104343 0.105806 0.105628 0.107077 0.108860 0.109045 0.096671 0.102990 0.106319 0.103960 0.102088 0.109917 0.104672 0.103998 0.101156 0.105984 0.098946 0.106769
0.105997 0.105971 0.104727 0.105717 0.104321 0.105013 0.105709 0.102228 0.106905 0.108798 0.112284 0.108470 0.106280 0.103432 0.105689 0.096772 0.102828 0.107841 0.100250 0.104367 0.102108 0.096832 0.102312 0.097429 0.098899 0.106103 0.110854 0.106293 0.107627 0.109364 0.108836 0.102990 0.096282 0.106046 0.104355 0.100580 0.109631 0.104386 0.105751 0.106070 0.104897 0.098635 0.108381
0.105172 0.105146 0.103900 0.104894 0.103491 0.104189 0.104886 0.105083 0.108422 0.109367 0.114603 0.109804 0.105935 0.106215 0.107862 0.096462 0.093984 0.098969 0.092811 0.099591 0.102259 0.089298 0.097293 0.096928 0.098397 0.105639 0.113438 0.101503 0.102240 0.103749 0.099123 0.106319 0.106046 0.095339 0.102447 0.099687 0.100622 0.096064 0.105272 0.109467 0.102354 0.091576 0.107997
0.102543 0.102517 0.101272 0.102264 0.100862 0.101560 0.102256 0.102672 0.105840 0.106667 0.112127 0.107195 0.103086 0.103775 0.105258 0.092211 0.099090 0.104305 0.096645 0.101347 0.100696 0.093390 0.096721 0.093990 0.095495 0.102754 0.110992 0.102113 0.103476 0.105238 0.105195 0.103960 0.104355 0.102447 0.084582 0.100009 0.106031 0.100766 0.102397 0.107207 0.103749 0.094840 0.105023
0.102678 0.102651 0.101406 0.102398 0.100998 0.101694 0.102390 0.101005 0.104898 0.106234 0.110742 0.106356 0.103170 0.102130 0.103770 0.093098 0.096786 0.101377 0.093799 0.097601 0.097640 0.090227 0.096609 0.094209 0.095687 0.102916 0.109468 0.101484 0.102627 0.104286 0.102581 0.102088 0.100580 0.099687 0.100009 0.088111 0.103256 0.098018 0.102559 0.105084 0.096203 0.092287 0.105198
0.108805 0.108779 0.107533 0.108527 0.107124 0.107822 0.108519 0.108684 0.112033 0.112986 0.118208 0.113417 0.109559 0.109814 0.111454 0.100050 0.098167 0.103060 0.096276 0.103132 0.105832 0.092909 0.100828 0.100552 0.102022 0.109264 0.117040 0.105261 0.106057 0.107562 0.103666 0.109917 0.109631 0.100622 0.106031 0.103256 0.102848 0.099183 0.108897 0.113065 0.105940 0.095052 0.111619
0.103562 0.103536 0.102289 0.103283 0.101880 0.102578 0.103276 0.103439 0.106789 0.107741 0.112964 0.108173 0.104316 0.104568 0.106207 0.094798 0.093509 0.098188 0.090954 0.097882 0.100583 0.087756 0.095534 0.095309 0.096778 0.104021 0.111796 0.100087 0.100942 0.102466 0.099069 0.104672 0.104386 0.096064 0.100766 0.098018 0.099183 0.089581 0.103654 0.107820 0.100726 0.089712 0.106375
0.099401 0.099373 0.098131 0.099121 0.097720 0.098416 0.099113 0.102342 0.104137 0.104013 0.111253 0.105288 0.099369 0.103652 0.106311 0.095252 0.101486 0.107212 0.099717 0.104478 0.103283 0.096391 0.101274 0.090759 0.091988 0.099069 0.110393 0.102705 0.104391 0.106265 0.107872 0.103998 0.105751 0.105272 0.102397 0.102559 0.108897 0.103654 0.098431 0.107262 0.106314 0.098012 0.102196
0.107561 0.107535 0.106292 0.107281 0.105890 0.106576 0.107273 0.100029 0.106204 0.109125 0.110659 0.107981 0.107637 0.102011 0.108071 0.099574 0.106069 0.111308 0.103747 0.108090 0.106150 0.100360 0.105601 0.099033 0.100463 0.107608 0.108946 0.108835 0.110276 0.112058 0.112196 0.101156 0.106070 0.109467 0.107207 0.105084 0.113065 0.107820 0.107262 0.096670 0.108827 0.102097 0.110047
0.106388 0.106362 0.105116 0.106109 0.104708 0.105404 0.106101 0.104866 0.108715 0.110019 0.114582 0.110167 0.106928 0.106024 0.107861 0.097087 0.099570 0.103894 0.096542 0.101145 0.102127 0.092676 0.099831 0.097971 0.099445 0.106673 0.113319 0.104725 0.105802 0.107434 0.105284 0.105984 0.104897 0.102354 0.103749 0.096203 0.105940 0.100726 0.106314 0.108827 0.079714 0.095106 0.108982
0.097954 0.097928 0.096681 0.097675 0.096272 0.096970 0.097667 0.097722 0.101103 0.102079 0.107260 0.102490 0.098672 0.098846 0.100453 0.088995 0.088979 0.093370 0.085131 0.092068 0.094775 0.082467 0.089024 0.089663 0.091135 0.098378 0.106085 0.094937 0.095877 0.097455 0.094574 0.098946 0.098635 0.091576 0.094840 0.092287 0.095052 0.089712 0.098012 0.102097 0.095106 0.080005 0.100719
0.102820 0.102793 0.101550 0.102540 0.101139 0.101836 0.102532 0.105186 0.107290 0.107394 0.114219 0.108484 0.103015 0.106419 0.108814 0.097730 0.104255 0.109928 0.102421 0.107141 0.105859 0.099094 0.103972 0.093607 0.095211 0.102533 0.113293 0.105647 0.107306 0.109169 0.110612 0.106769 0.108381 0.107997 0.105023 0.105198 0.111619 0.106375 0.102196 0.110047 0.108982 0.100719 0.103761
