0	0.09321	0.09955	0.08651	0.09637	0.10345	0.10422	0.10602	0.10739	0.11082	0.11379	0.10344	0.10878	0.10791	0.09614	0.10282	0.10805	0.1067	0.10674	0.09765	0.11327	0.11893	0.10706	0.10318	0.11149	0.10234	0.1041
0.09321	0	0.08311	0.07683	0.08181	0.0874	0.09137	0.09122	0.10145	0.09483	0.10144	0.08736	0.095	0.09366	0.09006	0.09191	0.10357	0.09258	0.09387	0.08451	0.09748	0.09999	0.09422	0.09013	0.10134	0.09388	0.0969
0.09955	0.08311	0	0.07992	0.09151	0.09541	0.10053	0.10424	0.10728	0.1116	0.11276	0.10329	0.1068	0.10207	0.09794	0.09975	0.11005	0.1008	0.10383	0.09612	0.10972	0.12206	0.1075	0.10229	0.11096	0.097	0.10337
0.08651	0.07683	0.07992	0	0.08081	0.08013	0.08376	0.08653	0.08902	0.09209	0.09236	0.08672	0.09411	0.09106	0.08322	0.08668	0.09446	0.09141	0.08899	0.08345	0.095	0.10453	0.08949	0.08804	0.09242	0.08993	0.08898
0.09637	0.08181	0.09151	0.08081	0	0.09777	0.10522	0.09834	0.107	0.11251	0.10952	0.10199	0.10584	0.10248	0.09874	0.09706	0.10541	0.10164	0.10285	0.09284	0.10816	0.11732	0.10399	0.10089	0.10884	0.09553	0.10372
0.10345	0.0874	0.09541	0.08013	0.09777	0	0.10383	0.10275	0.10877	0.11341	0.1128	0.10168	0.10925	0.10549	0.1023	0.10516	0.11024	0.10766	0.10142	0.09405	0.10972	0.12065	0.10935	0.10184	0.11714	0.09984	0.10585
0.10422	0.09137	0.10053	0.08376	0.10522	0.10383	0	0.10023	0.1148	0.11298	0.11149	0.10399	0.11182	0.10248	0.10466	0.10733	0.10855	0.10446	0.10493	0.09532	0.10968	0.11919	0.10894	0.10386	0.11095	0.10215	0.1086
0.10602	0.09122	0.10424	0.08653	0.09834	0.10275	0.10023	0	0.10077	0.10389	0.10455	0.09381	0.09645	0.09499	0.09334	0.09801	0.1039	0.09771	0.09451	0.09165	0.10389	0.11586	0.09776	0.10427	0.10416	0.09428	0.10449
0.10739	0.10145	0.10728	0.08902	0.107	0.10877	0.1148	0.10077	0	0.09015	0.09939	0.09559	0.1001	0.09641	0.09698	0.10218	0.11045	0.11	0.10159	0.10039	0.09918	0.11823	0.10599	0.10619	0.10083	0.10432	0.11071
0.11082	0.09483	0.1116	0.09209	0.11251	0.11341	0.11298	0.10389	0.09015	0	0.10199	0.09351	0.10568	0.10137	0.10209	0.10565	0.11648	0.10995	0.09839	0.10103	0.10198	0.12064	0.10636	0.11099	0.10483	0.10439	0.11187
0.11379	0.10144	0.11276	0.09236	0.10952	0.1128	0.11149	0.10455	0.09939	0.10199	0	0.09406	0.10295	0.09839	0.09795	0.10543	0.10998	0.11019	0.09585	0.0977	0.10495	0.12302	0.10542	0.1126	0.10602	0.10503	0.11025
0.10344	0.08736	0.10329	0.08672	0.10199	0.10168	0.10399	0.09381	0.09559	0.09351	0.09406	0	0.0937	0.08467	0.08833	0.09273	0.10227	0.10109	0.09464	0.08855	0.10045	0.10884	0.09334	0.10162	0.09209	0.09878	0.10072
0.10878	0.095	0.1068	0.09411	0.10584	0.10925	0.11182	0.09645	0.1001	0.10568	0.10295	0.0937	0	0.08763	0.10083	0.10262	0.104	0.10757	0.09612	0.09844	0.10105	0.1218	0.10154	0.10366	0.10125	0.09877	0.1096
0.10791	0.09366	0.10207	0.09106	0.10248	0.10549	0.10248	0.09499	0.09641	0.10137	0.09839	0.08467	0.08763	0	0.09359	0.0962	0.10479	0.10133	0.09257	0.09619	0.09857	0.11585	0.09409	0.10604	0.09546	0.09796	0.10183
0.09614	0.09006	0.09794	0.08322	0.09874	0.1023	0.10466	0.09334	0.09698	0.10209	0.09795	0.08833	0.10083	0.09359	0	0.09223	0.09827	0.09677	0.09571	0.08675	0.09631	0.10727	0.09849	0.09834	0.09782	0.09411	0.09919
0.10282	0.09191	0.09975	0.08668	0.09706	0.10516	0.10733	0.09801	0.10218	0.10565	0.10543	0.09273	0.10262	0.0962	0.09223	0	0.10014	0.09822	0.09903	0.10065	0.10885	0.11503	0.10625	0.10213	0.10192	0.10068	0.10606
0.10805	0.10357	0.11005	0.09446	0.10541	0.11024	0.10855	0.1039	0.11045	0.11648	0.10998	0.10227	0.104	0.10479	0.09827	0.10014	0	0.10154	0.1058	0.09609	0.11368	0.11929	0.11112	0.1036	0.10837	0.10421	0.11116
0.1067	0.09258	0.1008	0.09141	0.10164	0.10766	0.10446	0.09771	0.11	0.10995	0.11019	0.10109	0.10757	0.10133	0.09677	0.09822	0.10154	0	0.09897	0.09993	0.11379	0.11367	0.10629	0.10146	0.10415	0.10097	0.11266
0.10674	0.09387	0.10383	0.08899	0.10285	0.10142	0.10493	0.09451	0.10159	0.09839	0.09585	0.09464	0.09612	0.09257	0.09571	0.09903	0.1058	0.09897	0	0.09051	0.09656	0.11772	0.09509	0.1004	0.10439	0.09925	0.10666
0.09765	0.08451	0.09612	0.08345	0.09284	0.09405	0.09532	0.09165	0.10039	0.10103	0.0977	0.08855	0.09844	0.09619	0.08675	0.10065	0.09609	0.09993	0.09051	0	0.10316	0.10593	0.10063	0.09319	0.10242	0.09108	0.09585
0.11327	0.09748	0.10972	0.095	0.10816	0.10972	0.10968	0.10389	0.09918	0.10198	0.10495	0.10045	0.10105	0.09857	0.09631	0.10885	0.11368	0.11379	0.09656	0.10316	0	0.11951	0.10642	0.11036	0.10879	0.10686	0.11435
0.11893	0.09999	0.12206	0.10453	0.11732	0.12065	0.11919	0.11586	0.11823	0.12064	0.12302	0.10884	0.1218	0.11585	0.10727	0.11503	0.11929	0.11367	0.11772	0.10593	0.11951	0	0.12465	0.11797	0.119	0.09743	0.11054
0.10706	0.09422	0.1075	0.08949	0.10399	0.10935	0.10894	0.09776	0.10599	0.10636	0.10542	0.09334	0.10154	0.09409	0.09849	0.10625	0.11112	0.10629	0.09509	0.10063	0.10642	0.12465	0	0.10652	0.10584	0.1045	0.10915
0.10318	0.09013	0.10229	0.08804	0.10089	0.10184	0.10386	0.10427	0.10619	0.11099	0.1126	0.10162	0.10366	0.10604	0.09834	0.10213	0.1036	0.10146	0.1004	0.09319	0.11036	0.11797	0.10652	0	0.1095	0.10114	0.10277
0.11149	0.10134	0.11096	0.09242	0.10884	0.11714	0.11095	0.10416	0.10083	0.10483	0.10602	0.09209	0.10125	0.09546	0.09782	0.10192	0.10837	0.10415	0.10439	0.10242	0.10879	0.119	0.10584	0.1095	0	0.10813	0.11393
0.10234	0.09388	0.097	0.08993	0.09553	0.09984	0.10215	0.09428	0.10432	0.10439	0.10503	0.09878	0.09877	0.09796	0.09411	0.10068	0.10421	0.10097	0.09925	0.09108	0.10686	0.09743	0.1045	0.10114	0.10813	0	0.09866
0.1041	0.0969	0.10337	0.08898	0.10372	0.10585	0.1086	0.10449	0.11071	0.11187	0.11025	0.10072	0.1096	0.10183	0.09919	0.10606	0.11116	0.11266	0.10666	0.09585	0.11435	0.11054	0.10915	0.10277	0.11393	0.09866	0