0.093068 0.092376 0.097502 0.092534 0.090445 0.091434 0.092505 0.106743 0.104420 0.112173 0.104882 0.106176 0.095182 0.102073 0.108293 0.103893 0.105110 0.103570 0.105290 0.102573 0.091948 0.092778 0.105153 0.107281 0.106830 0.107392 0.108683 0.103995 0.105680 0.103802 0.104202 0.100480 0.109209 0.109358 0.100154
0.092376 0.089810 0.095537 0.091397 0.088482 0.090353 0.091357 0.104800 0.102484 0.110233 0.102939 0.104232 0.093238 0.100127 0.106347 0.101946 0.103164 0.101625 0.103344 0.100626 0.090005 0.090834 0.103213 0.105334 0.104882 0.105444 0.106737 0.102052 0.103736 0.101856 0.102255 0.098539 0.107263 0.107414 0.098210
0.097502 0.095537 0.097430 0.096403 0.091905 0.095391 0.096351 0.108457 0.106136 0.113888 0.106596 0.107890 0.096896 0.103791 0.110010 0.105609 0.106826 0.105284 0.107006 0.104289 0.093661 0.094490 0.106867 0.109000 0.108549 0.109110 0.110400 0.105709 0.107394 0.105517 0.105918 0.102193 0.110925 0.111072 0.101865
0.092534 0.091397 0.096403 0.088668 0.089346 0.089674 0.089624 0.105634 0.103307 0.111063 0.103773 0.105067 0.094074 0.100966 0.107186 0.102785 0.104002 0.102461 0.104182 0.101465 0.090839 0.091669 0.104041 0.106175 0.105723 0.106285 0.107576 0.102887 0.104572 0.102694 0.103094 0.099370 0.108101 0.108249 0.099044
0.090445 0.088482 0.091905 0.089346 0.082668 0.088334 0.089295 0.100569 0.098279 0.106010 0.098706 0.099998 0.089003 0.095895 0.102115 0.097714 0.098932 0.097392 0.099111 0.096394 0.085768 0.086598 0.098993 0.101103 0.100652 0.101214 0.102505 0.097819 0.099503 0.097623 0.098023 0.094309 0.103031 0.103182 0.093974
0.091434 0.090353 0.095391 0.089674 0.088334 0.088210 0.089670 0.104625 0.102299 0.110054 0.102764 0.104058 0.093064 0.099957 0.106176 0.101776 0.102993 0.101452 0.103173 0.100456 0.089830 0.090660 0.103033 0.105165 0.104713 0.105275 0.106566 0.101878 0.103562 0.101685 0.102085 0.098362 0.107092 0.107240 0.098035
0.092505 0.091357 0.096351 0.089624 0.089295 0.089670 0.088743 0.105581 0.103253 0.111010 0.103721 0.105014 0.094021 0.100914 0.107133 0.102733 0.103950 0.102409 0.104130 0.101413 0.090787 0.091616 0.103988 0.106122 0.105671 0.106232 0.107523 0.102834 0.104519 0.102641 0.103042 0.099317 0.108049 0.108197 0.098992
0.106743 0.104800 0.108457 0.105634 0.100569 0.104625 0.105581 0.096669 0.109693 0.111513 0.102519 0.106236 0.097759 0.105611 0.111454 0.107165 0.107896 0.105085 0.108334 0.106084 0.097599 0.098594 0.109004 0.111082 0.110719 0.111161 0.112101 0.100402 0.104171 0.107299 0.107672 0.106456 0.111677 0.105488 0.106118
0.104420 0.102484 0.106136 0.103307 0.098279 0.102299 0.103253 0.109693 0.098768 0.112520 0.108307 0.109877 0.099134 0.106334 0.112483 0.108094 0.109219 0.107455 0.109457 0.106797 0.096066 0.096889 0.104884 0.111630 0.111210 0.111728 0.112920 0.107382 0.109259 0.107958 0.108443 0.103871 0.113279 0.112722 0.104228
0.112173 0.110233 0.113888 0.111063 0.106010 0.110054 0.111010 0.111513 0.112520 0.098526 0.112399 0.115015 0.105210 0.112701 0.118718 0.114371 0.115326 0.113124 0.115652 0.113168 0.103331 0.104227 0.110014 0.118073 0.117677 0.118164 0.119245 0.111199 0.113841 0.114351 0.114788 0.111646 0.119267 0.116441 0.111659
0.104882 0.102939 0.106596 0.103773 0.098706 0.102764 0.103721 0.102519 0.108307 0.112399 0.094823 0.103820 0.095583 0.103548 0.109385 0.105093 0.105803 0.102876 0.106263 0.104011 0.095673 0.096689 0.108034 0.109028 0.108668 0.109106 0.110035 0.099517 0.102515 0.105211 0.105606 0.104642 0.109613 0.105002 0.104233
0.106176 0.104232 0.107890 0.105067 0.099998 0.104058 0.105014 0.106236 0.109877 0.115015 0.103820 0.104157 0.096407 0.104564 0.110392 0.106094 0.106769 0.103651 0.107267 0.105009 0.096933 0.097966 0.109836 0.110063 0.109708 0.110138 0.111048 0.102783 0.104376 0.106186 0.106618 0.105978 0.110630 0.108246 0.105524
0.095182 0.093238 0.096896 0.094074 0.089003 0.093064 0.094021 0.097759 0.099134 0.105210 0.095583 0.096407 0.082915 0.093026 0.098961 0.094588 0.095423 0.093164 0.095872 0.093301 0.085936 0.086980 0.099286 0.098533 0.098184 0.098606 0.099539 0.094587 0.096031 0.094101 0.095081 0.095038 0.099541 0.099977 0.094546
0.102073 0.100127 0.103791 0.100966 0.095895 0.099957 0.100914 0.105611 0.106334 0.112701 0.103548 0.104564 0.093026 0.085890 0.098191 0.094220 0.097404 0.100361 0.096022 0.094852 0.093158 0.094171 0.106563 0.095240 0.095579 0.095416 0.095901 0.102518 0.103792 0.098819 0.093047 0.102209 0.101717 0.107804 0.101720
0.108293 0.106347 0.110010 0.107186 0.102115 0.106176 0.107133 0.111454 0.112483 0.118718 0.109385 0.110392 0.098961 0.098191 0.092185 0.099390 0.101476 0.105884 0.098280 0.101435 0.099326 0.100343 0.112682 0.104710 0.104666 0.104751 0.102738 0.108323 0.109499 0.105228 0.100256 0.108380 0.105243 0.113569 0.107894
0.103893 0.101946 0.105609 0.102785 0.097714 0.101776 0.102733 0.107165 0.108094 0.114371 0.105093 0.106094 0.094588 0.094220 0.099390 0.091921 0.097797 0.101683 0.096415 0.096614 0.094928 0.095944 0.108302 0.100510 0.100382 0.100504 0.100336 0.104045 0.105266 0.100646 0.095850 0.103982 0.102243 0.109317 0.103496
0.105110 0.103164 0.106826 0.104002 0.098932 0.102993 0.103950 0.107896 0.109219 0.115326 0.105803 0.106769 0.095423 0.097404 0.101476 0.097797 0.093108 0.101765 0.097788 0.098988 0.096079 0.097100 0.109389 0.103511 0.103336 0.103535 0.103339 0.104726 0.105849 0.102308 0.099253 0.105138 0.101657 0.109988 0.104655
0.103570 0.101625 0.105284 0.102461 0.097392 0.101452 0.102409 0.105085 0.107455 0.113124 0.102876 0.103651 0.093164 0.100361 0.105884 0.101683 0.101765 0.095566 0.102662 0.100912 0.094383 0.095417 0.107526 0.106009 0.105702 0.106071 0.106748 0.101780 0.102818 0.102480 0.102371 0.103449 0.105616 0.107158 0.102976
0.105290 0.103344 0.107006 0.104182 0.099111 0.103173 0.104130 0.108334 0.109457 0.115652 0.106263 0.107267 0.095872 0.096022 0.098280 0.096415 0.097788 0.102662 0.092753 0.098569 0.096306 0.097324 0.109647 0.102366 0.102262 0.102385 0.101469 0.105190 0.106336 0.102285 0.097854 0.105361 0.101358 0.110424 0.104876
0.102573 0.100626 0.104289 0.101465 0.096394 0.100456 0.101413 0.106084 0.106797 0.113168 0.104011 0.105009 0.093301 0.094852 0.101435 0.096614 0.098988 0.100912 0.098569 0.091319 0.093604 0.094621 0.107024 0.100530 0.100251 0.100561 0.101539 0.102993 0.104310 0.098380 0.096883 0.102665 0.103517 0.108302 0.102174
0.091948 0.090005 0.093661 0.090839 0.085768 0.089830 0.090787 0.097599 0.096066 0.103331 0.095673 0.096933 0.085936 0.093158 0.099326 0.094928 0.096079 0.094383 0.096306 0.093604 0.082471 0.083559 0.096453 0.098455 0.098037 0.098552 0.099749 0.094798 0.096471 0.094724 0.095267 0.091697 0.100167 0.100167 0.091151
0.092778 0.090834 0.094490 0.091669 0.086598 0.090660 0.091616 0.098594 0.096889 0.104227 0.096689 0.097966 0.086980 0.094171 0.100343 0.095944 0.097100 0.095417 0.097324 0.094621 0.083559 0.084322 0.097288 0.099463 0.099043 0.099560 0.100763 0.095813 0.097495 0.095753 0.096281 0.092500 0.101189 0.101181 0.091948
0.105153 0.103213 0.106867 0.104041 0.098993 0.103033 0.103988 0.109004 0.104884 0.110014 0.108034 0.109836 0.099286 0.106563 0.112682 0.108302 0.109389 0.107526 0.109647 0.107024 0.096453 0.097288 0.097412 0.111879 0.111465 0.111974 0.113139 0.107079 0.109108 0.108183 0.108666 0.104382 0.113425 0.112401 0.104660
0.107281 0.105334 0.109000 0.106175 0.101103 0.105165 0.106122 0.111082 0.111630 0.118073 0.109028 0.110063 0.098533 0.095240 0.104710 0.100510 0.103511 0.106009 0.102366 0.100530 0.098455 0.099463 0.111879 0.093074 0.097663 0.099553 0.102959 0.108012 0.109322 0.104316 0.099422 0.107497 0.107824 0.113306 0.107010
0.106830 0.104882 0.108549 0.105723 0.100652 0.104713 0.105671 0.110719 0.111210 0.117677 0.108668 0.109708 0.098184 0.095579 0.104666 0.100382 0.103336 0.105702 0.102262 0.100251 0.098037 0.099043 0.111465 0.097663 0.094695 0.099376 0.103233 0.107656 0.108976 0.103975 0.099311 0.107075 0.107651 0.112952 0.106588
0.107392 0.105444 0.109110 0.106285 0.101214 0.105275 0.106232 0.111161 0.111728 0.118164 0.109106 0.110138 0.098606 0.095416 0.104751 0.100504 0.103535 0.106071 0.102385 0.100561 0.098552 0.099560 0.111974 0.099553 0.099376 0.095638 0.103275 0.108089 0.109395 0.104380 0.099375 0.107595 0.107853 0.113382 0.107107
0.108683 0.106737 0.110400 0.107576 0.102505 0.106566 0.107523 0.112101 0.112920 0.119245 0.110035 0.111048 0.099539 0.095901 0.102738 0.100336 0.103339 0.106748 0.101469 0.101539 0.099749 0.100763 0.113139 0.102959 0.103233 0.103275 0.091260 0.108996 0.110240 0.105472 0.099708 0.108801 0.107535 0.114270 0.108314
0.103995 0.102052 0.105709 0.102887 0.097819 0.101878 0.102834 0.100402 0.107382 0.111199 0.099517 0.102783 0.094587 0.102518 0.108323 0.104045 0.104726 0.101780 0.105190 0.102993 0.094798 0.095813 0.107079 0.108012 0.107656 0.108089 0.108996 0.096254 0.100428 0.104216 0.104573 0.103759 0.108469 0.101935 0.103356
0.105680 0.103736 0.107394 0.104572 0.099503 0.103562 0.104519 0.104171 0.109259 0.113841 0.102515 0.104376 0.096031 0.103792 0.109499 0.105266 0.105849 0.102818 0.106336 0.104310 0.096471 0.097495 0.109108 0.109322 0.108976 0.109395 0.110240 0.100428 0.096002 0.105614 0.105836 0.105477 0.109348 0.105737 0.105045
0.103802 0.101856 0.105517 0.102694 0.097623 0.101685 0.102641 0.107299 0.107958 0.114351 0.105211 0.106186 0.094101 0.098819 0.105228 0.100646 0.102308 0.102480 0.102285 0.098380 0.094724 0.095753 0.108183 0.104316 0.103975 0.104380 0.105472 0.104216 0.105614 0.094883 0.100902 0.103809 0.106675 0.109557 0.103312
0.104202 0.102255 0.105918 0.103094 0.098023 0.102085 0.103042 0.107672 0.108443 0.114788 0.105606 0.106618 0.095081 0.093047 0.100256 0.095850 0.099253 0.102371 0.097854 0.096883 0.095267 0.096281 0.108666 0.099422 0.099311 0.099375 0.099708 0.104573 0.105836 0.100902 0.091344 0.104319 0.103590 0.109856 0.103831
0.100480 0.098539 0.102193 0.099370 0.094309 0.098362 0.099317 0.106456 0.103871 0.111646 0.104642 0.105978 0.095038 0.102209 0.108380 0.103982 0.105138 0.103449 0.105361 0.102665 0.091697 0.092500 0.104382 0.107497 0.107075 0.107595 0.108801 0.103759 0.105477 0.103809 0.104319 0.098937 0.109221 0.109122 0.099797
0.109209 0.107263 0.110925 0.108101 0.103031 0.107092 0.108049 0.111677 0.113279 0.119267 0.109613 0.110630 0.099541 0.101717 0.105243 0.102243 0.101657 0.105616 0.101358 0.103517 0.100167 0.101189 0.113425 0.107824 0.107651 0.107853 0.107535 0.108469 0.109348 0.106675 0.103590 0.109221 0.094381 0.113645 0.108742
0.109358 0.107414 0.111072 0.108249 0.103182 0.107240 0.108197 0.105488 0.112722 0.116441 0.105002 0.108246 0.099977 0.107804 0.113569 0.109317 0.109988 0.107158 0.110424 0.108302 0.100167 0.101181 0.112401 0.113306 0.112952 0.113382 0.114270 0.101935 0.105737 0.109557 0.109856 0.109122 0.113645 0.096302 0.108723
0.100154 0.098210 0.101865 0.099044 0.093974 0.098035 0.098992 0.106118 0.104228 0.111659 0.104233 0.105524 0.094546 0.101720 0.107894 0.103496 0.104655 0.102976 0.104876 0.102174 0.091151 0.091948 0.104660 0.107010 0.106588 0.107107 0.108314 0.103356 0.105045 0.103312 0.103831 0.099797 0.108742 0.108723 0.099180
