0	0.10348	0.09176	0.08891	0.09806	0.10099	0.09347	0.09881	0.09249	0.09462	0.09668	0.10077	0.0835	0.0941	0.08699	0.10139	0.09414	0.09952	0.09412	0.09219	0.09222	0.11249	0.10049	0.11124	0.11652	0.10201	0.1072	0.10517	0.10748	0.10634	0.11752	0.1156	0.10018	0.09773	0.10695	0.10463	0.09977	0.09724	0.10227	0.101	0.11224	0.11391	0.09761	0.11205	0.10154	0.10586	0.09631	0.10999	0.11477	0.10456	0.10635	0.10201	0.10641	0.09876	0.10626	0.11113	0.10784	0.10354	0.10619	0.10434	0.10133	0.11183	0.1005	0.09137	0.0883	0.09228	0.10272	0.10955	0.12175	0.10218	0.10722	0.10758	0.10194	0.10924	0.10898	0.12069	0.10606	0.08986	0.10317	0.10143	0.11796	0.11209	0.10325	0.1119	0.10625	0.11857	0.11619	0.10334	0.10618	0.1157	0.103	0.11443	0.11372	0.10799	0.09877	0.10551	0.1043	0.10743	0.09867	0.11474	0.10721	0.10154	0.10561	0.10181	0.11219	0.11605	0.10658	0.09825	0.10587	0.09828	0.09223	0.10428	0.10334	0.10325
0.10348	0	0.09157	0.09465	0.09677	0.10432	0.09358	0.10292	0.08992	0.09802	0.09299	0.10325	0.0762	0.0923	0.08842	0.101	0.0936	0.10577	0.09643	0.10128	0.09718	0.11867	0.10077	0.12044	0.11924	0.1069	0.10888	0.10758	0.111	0.1071	0.12138	0.1187	0.09856	0.09799	0.10881	0.10483	0.10338	0.10227	0.10926	0.10191	0.11385	0.11549	0.09901	0.11396	0.10346	0.10791	0.10269	0.1098	0.10822	0.10581	0.10701	0.10339	0.10869	0.09877	0.10538	0.10845	0.11227	0.10659	0.1106	0.1062	0.10861	0.10892	0.09864	0.09372	0.08768	0.09624	0.10581	0.10954	0.11647	0.10262	0.10768	0.10182	0.10813	0.11366	0.11508	0.12672	0.10561	0.08992	0.09556	0.10828	0.12787	0.11522	0.09966	0.11588	0.10676	0.12032	0.12024	0.10814	0.10963	0.12191	0.10716	0.12039	0.11596	0.11255	0.09847	0.10908	0.10609	0.11157	0.10013	0.11272	0.10918	0.10552	0.10282	0.1059	0.11786	0.12343	0.10564	0.10105	0.10908	0.10426	0.09306	0.10522	0.105	0.10729
0.09176	0.09157	0	0.08586	0.09766	0.09892	0.09681	0.0965	0.09072	0.09558	0.09145	0.10197	0.0652	0.09742	0.09594	0.08749	0.08897	0.10137	0.08828	0.10077	0.07953	0.10468	0.09272	0.10202	0.10208	0.10173	0.10496	0.1007	0.10433	0.10541	0.11384	0.10887	0.09277	0.09195	0.09846	0.09754	0.09605	0.10112	0.1	0.09187	0.11099	0.10622	0.09728	0.11153	0.1	0.09947	0.09976	0.108	0.10541	0.10146	0.10666	0.09391	0.10368	0.09999	0.09484	0.10492	0.10608	0.10029	0.10254	0.09792	0.10088	0.10593	0.09632	0.08199	0.09533	0.09209	0.10329	0.106	0.11315	0.09862	0.09895	0.10332	0.10351	0.10701	0.10482	0.11414	0.09925	0.08777	0.09373	0.09755	0.11909	0.11073	0.09358	0.1034	0.1016	0.11319	0.11142	0.09893	0.10466	0.11437	0.10713	0.11006	0.10909	0.10817	0.10292	0.10325	0.0977	0.09797	0.09002	0.10958	0.10256	0.10537	0.09822	0.10207	0.10361	0.11569	0.10817	0.09737	0.10094	0.08498	0.08439	0.1003	0.09784	0.10368
0.08891	0.09465	0.08586	0	0.08953	0.09608	0.08697	0.09446	0.08148	0.09081	0.09048	0.0973	0.07963	0.09086	0.07733	0.09398	0.08799	0.09789	0.08812	0.09284	0.08439	0.10139	0.08859	0.10435	0.10435	0.09997	0.10242	0.09701	0.09757	0.10327	0.10222	0.10641	0.08877	0.08784	0.09614	0.09542	0.09607	0.09331	0.0971	0.09425	0.10391	0.10415	0.09373	0.10614	0.09501	0.10145	0.08693	0.10468	0.10643	0.0991	0.09958	0.09692	0.10229	0.09223	0.09583	0.10307	0.10038	0.09604	0.09832	0.09806	0.09723	0.10131	0.09398	0.08323	0.08552	0.0893	0.09336	0.09865	0.10637	0.09236	0.09586	0.09167	0.09108	0.10225	0.10217	0.10968	0.09463	0.08256	0.0907	0.09331	0.11139	0.10356	0.09258	0.10479	0.09555	0.10683	0.10948	0.0995	0.09669	0.10726	0.10152	0.10933	0.10282	0.10316	0.09315	0.09928	0.10112	0.10373	0.09268	0.10507	0.09793	0.09431	0.09397	0.09301	0.10411	0.10914	0.09857	0.09609	0.10037	0.09326	0.08576	0.09673	0.09485	0.09814
0.09806	0.09677	0.09766	0.08953	0	0.10252	0.09671	0.09872	0.08844	0.09173	0.09283	0.09952	0.07855	0.09581	0.08547	0.10093	0.09621	0.09932	0.09349	0.10041	0.09373	0.10934	0.09777	0.11236	0.11436	0.10049	0.10866	0.1068	0.10782	0.11119	0.11287	0.11241	0.09606	0.09488	0.10552	0.10215	0.10397	0.0985	0.10626	0.09948	0.10672	0.11331	0.10003	0.11014	0.09846	0.10848	0.10145	0.11171	0.11152	0.10567	0.10593	0.10236	0.10542	0.09687	0.10435	0.11177	0.10657	0.10466	0.10781	0.10696	0.10514	0.10865	0.10167	0.08019	0.09095	0.09534	0.09999	0.10697	0.11982	0.10174	0.10656	0.10628	0.10396	0.10624	0.11294	0.11874	0.10761	0.0933	0.09182	0.10318	0.12207	0.11213	0.09842	0.11281	0.1055	0.11892	0.11661	0.10516	0.11164	0.1161	0.10291	0.11527	0.11263	0.10959	0.09762	0.10724	0.10848	0.10938	0.09448	0.11156	0.1078	0.10257	0.10394	0.10654	0.11474	0.11902	0.10524	0.10022	0.10607	0.09739	0.09208	0.10444	0.1001	0.10428
0.10099	0.10432	0.09892	0.09608	0.10252	0	0.10134	0.09665	0.09321	0.09955	0.09656	0.10859	0.08651	0.09637	0.0838	0.10345	0.09589	0.10034	0.09653	0.09853	0.09279	0.11466	0.10396	0.11138	0.11197	0.10312	0.1107	0.10551	0.11011	0.11249	0.11506	0.11531	0.10067	0.10054	0.10677	0.10422	0.10602	0.09862	0.10841	0.0983	0.10739	0.11082	0.0903	0.11379	0.10344	0.1116	0.09758	0.11095	0.11088	0.10833	0.10878	0.10791	0.10797	0.09614	0.10282	0.10805	0.1078	0.10404	0.10635	0.10769	0.1067	0.10372	0.10674	0.09021	0.09708	0.09765	0.10338	0.10598	0.11746	0.10153	0.10474	0.1042	0.10309	0.10812	0.11327	0.11756	0.10412	0.08556	0.09387	0.10243	0.11893	0.11535	0.10045	0.11723	0.10568	0.11477	0.11489	0.10621	0.10432	0.11628	0.10294	0.11846	0.11076	0.11579	0.10315	0.10303	0.10706	0.10918	0.09752	0.11402	0.10884	0.1059	0.10605	0.10318	0.11149	0.11669	0.09845	0.10234	0.1041	0.09917	0.0974	0.10978	0.09797	0.10537
0.09347	0.09358	0.09681	0.08697	0.09671	0.10134	0	0.09858	0.08164	0.09335	0.0922	0.09512	0.07813	0.09168	0.0804	0.09759	0.08926	0.0954	0.08971	0.09491	0.0935	0.11253	0.0977	0.1134	0.11262	0.09861	0.10657	0.10916	0.10046	0.10425	0.10984	0.1108	0.09589	0.09716	0.10233	0.1031	0.09877	0.09496	0.10676	0.09978	0.11131	0.10602	0.09756	0.11166	0.09938	0.108	0.09668	0.10769	0.11174	0.10686	0.11161	0.10491	0.1092	0.09731	0.0994	0.10674	0.10577	0.10077	0.10191	0.09963	0.10519	0.10845	0.09596	0.07567	0.09362	0.09144	0.09832	0.10609	0.12377	0.09758	0.10202	0.09982	0.1011	0.102	0.10665	0.11707	0.10401	0.08767	0.09544	0.10149	0.12122	0.11194	0.10409	0.11593	0.10172	0.11629	0.11483	0.10372	0.10332	0.11877	0.10083	0.11168	0.11053	0.10834	0.09804	0.10475	0.10713	0.10399	0.09442	0.11118	0.10511	0.09949	0.09608	0.10006	0.10687	0.11132	0.10463	0.09748	0.10369	0.09183	0.09121	0.10433	0.09907	0.10025
0.09881	0.10292	0.0965	0.09446	0.09872	0.09665	0.09858	0	0.08242	0.10056	0.09254	0.10221	0.08154	0.0946	0.07977	0.09839	0.09336	0.09742	0.09118	0.09853	0.09122	0.11391	0.09462	0.10761	0.11224	0.10128	0.10463	0.10528	0.1039	0.11016	0.10814	0.10706	0.09475	0.09155	0.10141	0.10216	0.09949	0.09505	0.10098	0.09659	0.10234	0.10792	0.09717	0.10761	0.10323	0.11048	0.09279	0.10477	0.10941	0.10257	0.10233	0.10001	0.10794	0.09423	0.1011	0.1073	0.10299	0.10301	0.10345	0.10802	0.10224	0.10531	0.09934	0.08525	0.08658	0.09158	0.09957	0.10268	0.11588	0.10227	0.10482	0.10273	0.10278	0.10864	0.1074	0.1135	0.09966	0.08225	0.09157	0.1001	0.1146	0.11358	0.09999	0.11081	0.10285	0.1131	0.11305	0.10532	0.10181	0.11035	0.10202	0.11159	0.10933	0.1103	0.09616	0.10747	0.10481	0.10443	0.09327	0.11035	0.1023	0.09981	0.09854	0.09961	0.10805	0.11085	0.1056	0.09695	0.10257	0.09558	0.09158	0.09952	0.09501	0.1018
0.09249	0.08992	0.09072	0.08148	0.08844	0.09321	0.08164	0.08242	0	0.08311	0.08295	0.09109	0.07683	0.08181	0.07992	0.0874	0.08039	0.09084	0.08252	0.0879	0.08583	0.09819	0.09332	0.09681	0.10155	0.09663	0.09662	0.09346	0.09527	0.08969	0.1021	0.0997	0.08977	0.08316	0.09758	0.09137	0.09122	0.08584	0.09671	0.08455	0.10145	0.09483	0.08602	0.10144	0.08736	0.09868	0.08532	0.09832	0.09508	0.09324	0.095	0.09366	0.09846	0.09006	0.09191	0.10357	0.0946	0.09929	0.09405	0.09488	0.09258	0.09565	0.09387	0.083	0.08533	0.08451	0.09443	0.09434	0.10656	0.08575	0.09139	0.09099	0.09141	0.10018	0.09748	0.10363	0.09074	0.08281	0.08244	0.09213	0.09999	0.10707	0.09217	0.09816	0.0911	0.10446	0.10474	0.09369	0.09648	0.10218	0.09305	0.10635	0.09449	0.09757	0.09319	0.09713	0.09422	0.09605	0.08751	0.10201	0.09863	0.09017	0.09087	0.09013	0.10134	0.10357	0.10088	0.09388	0.0969	0.08558	0.08498	0.09022	0.09118	0.09859
0.09462	0.09802	0.09558	0.09081	0.09173	0.09955	0.09335	0.10056	0.08311	0	0.09313	0.09829	0.07992	0.09151	0.0896	0.09541	0.09234	0.09988	0.09108	0.09026	0.08928	0.10915	0.09845	0.11052	0.10904	0.10412	0.10514	0.10835	0.10766	0.10598	0.11497	0.11106	0.10256	0.09688	0.10484	0.10053	0.10424	0.09501	0.10415	0.09714	0.10728	0.1116	0.09521	0.11276	0.10329	0.10661	0.0975	0.10807	0.1105	0.10619	0.1068	0.10207	0.10648	0.09794	0.09975	0.11005	0.10543	0.10573	0.10397	0.10414	0.1008	0.10875	0.10383	0.09114	0.09402	0.09612	0.09959	0.10848	0.11532	0.09828	0.10297	0.10246	0.1008	0.1067	0.10972	0.12119	0.10253	0.08657	0.09808	0.1001	0.12206	0.11348	0.10251	0.11041	0.10233	0.117	0.11463	0.10629	0.1066	0.11275	0.10212	0.117	0.11034	0.11175	0.10365	0.10117	0.1075	0.10672	0.0959	0.11287	0.10635	0.10136	0.10467	0.10229	0.11096	0.11122	0.10256	0.097	0.10337	0.0979	0.0895	0.10814	0.10287	0.10225
0.09668	0.09299	0.09145	0.09048	0.09283	0.09656	0.0922	0.09254	0.08295	0.09313	0	0.09588	0.07847	0.0849	0.08192	0.09878	0.09189	0.09968	0.09138	0.09437	0.08833	0.11317	0.09763	0.1148	0.10753	0.10023	0.0995	0.10144	0.10307	0.11291	0.1131	0.11085	0.09985	0.09414	0.10566	0.10184	0.09474	0.09236	0.10456	0.10128	0.10339	0.11176	0.08867	0.107	0.10057	0.10694	0.10141	0.1063	0.11062	0.10602	0.10231	0.10353	0.10683	0.09403	0.10093	0.10433	0.10543	0.1044	0.10332	0.10195	0.10287	0.10882	0.09705	0.08547	0.08314	0.08732	0.10293	0.1048	0.11959	0.09489	0.10504	0.1028	0.09899	0.10605	0.10344	0.11527	0.09848	0.08575	0.09555	0.10384	0.11729	0.11453	0.10229	0.11169	0.10181	0.11871	0.11524	0.10459	0.10126	0.11637	0.10564	0.11243	0.11134	0.11193	0.0971	0.09978	0.10579	0.10341	0.08505	0.10747	0.10896	0.09742	0.0996	0.10041	0.10976	0.11608	0.11054	0.09501	0.10236	0.08983	0.08917	0.10186	0.1006	0.10608
0.10077	0.10325	0.10197	0.0973	0.09952	0.10859	0.09512	0.10221	0.09109	0.09829	0.09588	0	0.08581	0.10152	0.0922	0.1035	0.09746	0.10381	0.09683	0.10221	0.09632	0.11926	0.10165	0.11244	0.12038	0.10511	0.11344	0.10742	0.10712	0.11446	0.11676	0.11416	0.10208	0.10269	0.11343	0.1088	0.10861	0.10198	0.11278	0.10682	0.11866	0.11742	0.10436	0.11294	0.10644	0.11288	0.10653	0.11912	0.11556	0.11362	0.1162	0.11144	0.11293	0.10359	0.10893	0.11464	0.11349	0.11013	0.10753	0.11017	0.10628	0.11717	0.11121	0.08801	0.09606	0.09569	0.10744	0.111	0.12727	0.10289	0.10679	0.10587	0.10767	0.11498	0.121	0.12327	0.11195	0.09043	0.1003	0.10937	0.12402	0.1236	0.10029	0.11166	0.10761	0.12601	0.12407	0.10931	0.10719	0.12175	0.10897	0.12551	0.11206	0.11433	0.10798	0.11333	0.10956	0.11396	0.10216	0.116	0.11192	0.10517	0.10356	0.10709	0.1206	0.12298	0.10939	0.10204	0.10836	0.10482	0.09461	0.11194	0.1035	0.11384
0.0835	0.0762	0.0652	0.07963	0.07855	0.08651	0.07813	0.08154	0.07683	0.07992	0.07847	0.08581	0	0.08081	0.06733	0.08013	0.08453	0.08705	0.08538	0.08122	0.08049	0.0976	0.08549	0.09939	0.09942	0.09147	0.08937	0.08879	0.09061	0.09286	0.10139	0.09936	0.08209	0.08154	0.0864	0.08376	0.08653	0.0828	0.09033	0.08222	0.08902	0.09209	0.0796	0.09236	0.08672	0.0888	0.07774	0.09798	0.09671	0.09049	0.09411	0.09106	0.09555	0.08322	0.08668	0.09446	0.09388	0.08874	0.08847	0.09007	0.09141	0.09128	0.08899	0.07391	0.07796	0.08345	0.08402	0.08864	0.10315	0.08179	0.08728	0.08864	0.08692	0.08954	0.095	0.10459	0.08689	0.08215	0.0843	0.09322	0.10453	0.0976	0.09147	0.09716	0.08525	0.10355	0.10009	0.08771	0.08884	0.09882	0.09022	0.09861	0.09309	0.09268	0.09117	0.08828	0.08949	0.0903	0.08744	0.09087	0.08491	0.08688	0.09029	0.08804	0.09242	0.09865	0.09123	0.08993	0.08898	0.08453	0.08174	0.08628	0.08331	0.09227
0.0941	0.0923	0.09742	0.09086	0.09581	0.09637	0.09168	0.0946	0.08181	0.09151	0.0849	0.10152	0.08081	0	0.08528	0.09777	0.09231	0.10217	0.08798	0.09735	0.08802	0.11659	0.09378	0.11088	0.11016	0.0961	0.10614	0.10395	0.10251	0.10949	0.1136	0.11017	0.10082	0.09561	0.10345	0.10522	0.09834	0.09267	0.10226	0.10366	0.107	0.11251	0.10123	0.10952	0.10199	0.10651	0.09489	0.10859	0.10851	0.10747	0.10584	0.10248	0.10527	0.09874	0.09706	0.10541	0.10748	0.10252	0.10516	0.10438	0.10164	0.1104	0.10285	0.08931	0.09027	0.09284	0.09787	0.10116	0.11761	0.09605	0.10596	0.10208	0.09904	0.10595	0.10816	0.11599	0.09826	0.09269	0.09482	0.10184	0.11732	0.11408	0.10056	0.11329	0.10325	0.11567	0.11113	0.10411	0.10684	0.11638	0.09922	0.11238	0.10954	0.11008	0.10375	0.10482	0.10399	0.10747	0.09339	0.1066	0.10642	0.0997	0.10189	0.10089	0.10884	0.11233	0.09632	0.09553	0.10372	0.09325	0.09493	0.10333	0.09467	0.10602
0.08699	0.08842	0.09594	0.07733	0.08547	0.0838	0.0804	0.07977	0.07992	0.0896	0.08192	0.0922	0.06733	0.08528	0	0.08667	0.08338	0.08362	0.08008	0.09327	0.0758	0.09886	0.08667	0.0987	0.10494	0.09286	0.09036	0.09167	0.09023	0.08786	0.10135	0.09859	0.08556	0.08106	0.08663	0.09153	0.08255	0.08045	0.08961	0.08308	0.09699	0.09918	0.09008	0.09527	0.08579	0.09474	0.09529	0.10115	0.09785	0.09624	0.09358	0.09532	0.09619	0.08353	0.08841	0.09388	0.09618	0.09438	0.09847	0.0937	0.09444	0.09117	0.08961	0.08224	0.08761	0.08454	0.09117	0.09411	0.10532	0.09051	0.09214	0.0903	0.0908	0.0965	0.10151	0.11001	0.08302	0.07612	0.07903	0.09636	0.10909	0.10012	0.08393	0.10426	0.08446	0.10905	0.10497	0.09068	0.09189	0.09657	0.09786	0.10564	0.09902	0.0933	0.08288	0.09363	0.0987	0.09173	0.08701	0.10416	0.0881	0.09044	0.09128	0.08726	0.10536	0.10311	0.09907	0.08442	0.09126	0.07351	0.07925	0.09273	0.09189	0.0941
0.10139	0.101	0.08749	0.09398	0.10093	0.10345	0.09759	0.09839	0.0874	0.09541	0.09878	0.1035	0.08013	0.09777	0.08667	0	0.09458	0.09853	0.09449	0.10053	0.09438	0.11452	0.09778	0.11467	0.11365	0.10246	0.10987	0.10421	0.10391	0.10808	0.11875	0.11513	0.10403	0.09769	0.10804	0.10383	0.10275	0.09547	0.10266	0.10183	0.10877	0.11341	0.09448	0.1128	0.10168	0.10841	0.10343	0.1134	0.11216	0.10752	0.10925	0.10549	0.10937	0.1023	0.10516	0.11024	0.10825	0.10769	0.10533	0.10076	0.10766	0.11332	0.10142	0.08698	0.09183	0.09405	0.10237	0.10912	0.11976	0.0995	0.10191	0.10499	0.10275	0.10777	0.10972	0.11796	0.10638	0.08705	0.09395	0.10227	0.12065	0.1126	0.09868	0.11409	0.10328	0.11515	0.11748	0.10482	0.10688	0.11757	0.10248	0.1186	0.11309	0.10938	0.09871	0.10988	0.10935	0.10915	0.09889	0.1182	0.10884	0.10459	0.10521	0.10184	0.11714	0.12195	0.10436	0.09984	0.10585	0.09852	0.0974	0.10634	0.10226	0.10971
0.09414	0.0936	0.08897	0.08799	0.09621	0.09589	0.08926	0.09336	0.08039	0.09234	0.09189	0.09746	0.08453	0.09231	0.08338	0.09458	0	0.09671	0.08829	0.09276	0.08684	0.11315	0.09843	0.10772	0.11003	0.0991	0.10007	0.10108	0.10145	0.10235	0.11274	0.11104	0.09962	0.09138	0.10154	0.10099	0.0999	0.09217	0.09701	0.09888	0.10963	0.10852	0.09884	0.11059	0.09231	0.10434	0.09421	0.10626	0.10401	0.10365	0.10097	0.1024	0.10205	0.09898	0.09605	0.10275	0.10308	0.10034	0.09859	0.1006	0.10003	0.10759	0.10166	0.08613	0.09253	0.0937	0.10056	0.10232	0.11675	0.09738	0.09804	0.1007	0.09842	0.10504	0.10766	0.11257	0.09962	0.08757	0.09084	0.10029	0.11499	0.1121	0.10332	0.109	0.10115	0.11046	0.11044	0.10229	0.10428	0.11166	0.10119	0.11429	0.10475	0.10642	0.10275	0.10332	0.10739	0.09908	0.09456	0.10708	0.10325	0.10061	0.1001	0.09786	0.10317	0.10851	0.09845	0.09848	0.10258	0.09101	0.09026	0.0979	0.09791	0.0979
0.09952	0.10577	0.10137	0.09789	0.09932	0.10034	0.0954	0.09742	0.09084	0.09988	0.09968	0.10381	0.08705	0.10217	0.08362	0.09853	0.09671	0	0.09578	0.10058	0.096	0.11433	0.10293	0.11006	0.11325	0.10404	0.11014	0.11061	0.10916	0.10692	0.11789	0.11518	0.10235	0.09906	0.10681	0.1053	0.10283	0.09599	0.10494	0.1037	0.11172	0.11499	0.10269	0.11204	0.09691	0.1101	0.09418	0.11074	0.11178	0.10795	0.10812	0.10412	0.10623	0.10031	0.10874	0.11003	0.10765	0.10524	0.10888	0.10821	0.10765	0.11058	0.10572	0.08801	0.09288	0.09664	0.1032	0.10759	0.11911	0.09709	0.10717	0.10429	0.10663	0.1109	0.11119	0.118	0.10735	0.08962	0.09223	0.10837	0.12346	0.11541	0.10415	0.11217	0.10714	0.11604	0.11947	0.10538	0.11005	0.11632	0.10623	0.11439	0.10858	0.11163	0.10633	0.10939	0.10802	0.10954	0.09605	0.11409	0.10736	0.1033	0.10269	0.10335	0.11518	0.1198	0.10613	0.10353	0.10162	0.09806	0.0922	0.10436	0.10258	0.10691
0.09412	0.09643	0.08828	0.08812	0.09349	0.09653	0.08971	0.09118	0.08252	0.09108	0.09138	0.09683	0.08538	0.08798	0.08008	0.09449	0.08829	0.09578	0	0.09407	0.09029	0.10837	0.09587	0.10794	0.11339	0.09804	0.10101	0.10027	0.09942	0.1054	0.10866	0.11105	0.09272	0.09445	0.10197	0.09891	0.09492	0.09155	0.09953	0.0947	0.10575	0.10625	0.09739	0.10589	0.10138	0.10628	0.08941	0.10872	0.10619	0.09912	0.10127	0.09977	0.10718	0.09806	0.09936	0.10546	0.10258	0.10082	0.10166	0.10505	0.09745	0.10878	0.09609	0.08569	0.08849	0.08648	0.09574	0.0936	0.11688	0.09564	0.09944	0.09842	0.09975	0.10648	0.11107	0.11596	0.09966	0.08575	0.09089	0.09752	0.11834	0.11002	0.10394	0.1084	0.1003	0.11183	0.11214	0.1029	0.10257	0.1097	0.09716	0.11196	0.10536	0.10601	0.10251	0.09553	0.10453	0.10461	0.08783	0.10946	0.1017	0.09635	0.09992	0.09784	0.1057	0.11383	0.10291	0.09761	0.09913	0.09653	0.08895	0.09668	0.09385	0.10038
0.09219	0.10128	0.10077	0.09284	0.10041	0.09853	0.09491	0.09853	0.0879	0.09026	0.09437	0.10221	0.08122	0.09735	0.09327	0.10053	0.09276	0.10058	0.09407	0	0.09124	0.11105	0.10152	0.1143	0.11339	0.10179	0.10769	0.10615	0.10913	0.10704	0.11754	0.11541	0.10034	0.09722	0.10726	0.106	0.10155	0.10271	0.10609	0.10218	0.10785	0.11377	0.09682	0.11056	0.097	0.11032	0.09997	0.11045	0.11184	0.11219	0.10441	0.10809	0.10908	0.102	0.10504	0.10758	0.10428	0.10331	0.10729	0.10486	0.10453	0.10849	0.10053	0.08788	0.09023	0.09866	0.10387	0.10646	0.12058	0.09981	0.10608	0.10281	0.10237	0.11046	0.11417	0.12065	0.10427	0.08722	0.09739	0.10491	0.11916	0.11511	0.10289	0.11389	0.10552	0.12113	0.11909	0.10887	0.10632	0.11693	0.10651	0.11634	0.11343	0.11239	0.1014	0.10956	0.1089	0.10911	0.09749	0.11507	0.10908	0.10578	0.10552	0.10435	0.11486	0.11522	0.10308	0.10372	0.10788	0.10021	0.08934	0.1047	0.10583	0.10705
0.09222	0.09718	0.07953	0.08439	0.09373	0.09279	0.0935	0.09122	0.08583	0.08928	0.08833	0.09632	0.08049	0.08802	0.0758	0.09438	0.08684	0.096	0.09029	0.09124	0	0.10147	0.09244	0.10582	0.10591	0.0957	0.09959	0.09972	0.09671	0.10253	0.10583	0.10609	0.09289	0.0925	0.09834	0.09762	0.09585	0.09271	0.09712	0.09617	0.1067	0.10755	0.0906	0.10522	0.09859	0.10412	0.08503	0.1037	0.10336	0.10166	0.0988	0.09965	0.10019	0.09266	0.09644	0.09966	0.09803	0.0995	0.09998	0.10023	0.09812	0.10678	0.09733	0.08183	0.08718	0.0947	0.09579	0.09794	0.1145	0.0956	0.10092	0.1023	0.0968	0.10345	0.10488	0.11209	0.09827	0.08435	0.09087	0.09938	0.11296	0.10969	0.09517	0.10569	0.09414	0.11055	0.10667	0.09904	0.10132	0.10735	0.09785	0.11094	0.10279	0.10601	0.10178	0.10043	0.1003	0.09886	0.09176	0.1076	0.09775	0.09587	0.10104	0.10104	0.10451	0.11183	0.09831	0.0978	0.09927	0.08855	0.08905	0.09792	0.09427	0.09934
0.11249	0.11867	0.10468	0.10139	0.10934	0.11466	0.11253	0.11391	0.09819	0.10915	0.11317	0.11926	0.0976	0.11659	0.09886	0.11452	0.11315	0.11433	0.10837	0.11105	0.10147	0	0.08744	0.09496	0.0929	0.10346	0.1133	0.10769	0.10583	0.11037	0.11714	0.1018	0.10745	0.08858	0.11138	0.11202	0.10588	0.10587	0.11007	0.10724	0.11001	0.11326	0.10193	0.10838	0.1064	0.10941	0.09164	0.11786	0.11159	0.11869	0.11178	0.10777	0.11537	0.10653	0.10894	0.11497	0.1085	0.11014	0.11184	0.1074	0.11258	0.11196	0.10941	0.08718	0.10011	0.09858	0.10444	0.10887	0.10289	0.10794	0.11725	0.11684	0.11092	0.11363	0.11304	0.1041	0.1077	0.08647	0.09996	0.08932	0.1049	0.10243	0.09738	0.10041	0.10705	0.1054	0.10591	0.1039	0.10749	0.10156	0.10789	0.09896	0.11243	0.10311	0.10563	0.10979	0.10999	0.11284	0.09702	0.12026	0.11607	0.10378	0.10642	0.10786	0.11381	0.10588	0.10039	0.09533	0.10603	0.09422	0.09545	0.10735	0.10933	0.11518
0.10049	0.10077	0.09272	0.08859	0.09777	0.10396	0.0977	0.09462	0.09332	0.09845	0.09763	0.10165	0.08549	0.09378	0.08667	0.09778	0.09843	0.10293	0.09587	0.10152	0.09244	0.08744	0	0.08516	0.08501	0.08881	0.10328	0.09384	0.09244	0.10538	0.09894	0.08914	0.09227	0.08033	0.09579	0.10144	0.08834	0.0899	0.09489	0.09292	0.09696	0.10498	0.09089	0.10371	0.09351	0.10424	0.08357	0.10701	0.10083	0.10116	0.09964	0.09451	0.10276	0.08599	0.09861	0.10134	0.09592	0.09669	0.09457	0.09235	0.09537	0.1036	0.09571	0.07939	0.08551	0.08664	0.09876	0.09424	0.09292	0.0926	0.09976	0.09962	0.096	0.10545	0.10064	0.08662	0.09722	0.07853	0.09204	0.08074	0.09906	0.08889	0.08637	0.08696	0.09279	0.09259	0.08942	0.08984	0.09853	0.08858	0.1006	0.09303	0.09958	0.09416	0.09156	0.09881	0.10136	0.10289	0.09074	0.10815	0.09873	0.09575	0.09534	0.09348	0.10438	0.08894	0.08735	0.08067	0.09728	0.09321	0.08916	0.10079	0.09627	0.09874
0.11124	0.12044	0.10202	0.10435	0.11236	0.11138	0.1134	0.10761	0.09681	0.11052	0.1148	0.11244	0.09939	0.11088	0.0987	0.11467	0.10772	0.11006	0.10794	0.1143	0.10582	0.09496	0.08516	0	0.09077	0.09985	0.11197	0.1119	0.10057	0.11141	0.11347	0.09923	0.1067	0.0915	0.11341	0.11224	0.1073	0.10042	0.10623	0.10309	0.11561	0.11329	0.10905	0.11261	0.10653	0.11531	0.08727	0.11414	0.11389	0.11591	0.11333	0.10631	0.11145	0.10557	0.10934	0.11339	0.10908	0.10686	0.10647	0.10819	0.10741	0.11121	0.11254	0.08977	0.10268	0.10211	0.10694	0.10738	0.10135	0.10504	0.11318	0.11798	0.11163	0.11744	0.11545	0.10053	0.11114	0.08226	0.09498	0.09028	0.10114	0.09821	0.09703	0.0969	0.10294	0.10017	0.09981	0.09796	0.1085	0.09579	0.11165	0.09869	0.1105	0.10279	0.10461	0.10816	0.11478	0.10796	0.09975	0.12072	0.11194	0.1029	0.10478	0.10829	0.11586	0.09817	0.09906	0.0942	0.10194	0.09558	0.09326	0.10941	0.11372	0.10768
0.11652	0.11924	0.10208	0.10435	0.11436	0.11197	0.11262	0.11224	0.10155	0.10904	0.10753	0.12038	0.09942	0.11016	0.10494	0.11365	0.11003	0.11325	0.11339	0.11339	0.10591	0.0929	0.08501	0.09077	0	0.10564	0.11209	0.10539	0.0991	0.1182	0.11543	0.10079	0.10798	0.09024	0.11169	0.11254	0.10458	0.10552	0.10554	0.10544	0.1144	0.11974	0.10802	0.11491	0.10501	0.11566	0.09787	0.11465	0.11039	0.11358	0.11491	0.10812	0.11285	0.10453	0.11268	0.11702	0.10717	0.10975	0.10935	0.10736	0.11187	0.11406	0.11383	0.09423	0.09787	0.10365	0.10716	0.11141	0.09967	0.11123	0.11563	0.1146	0.11213	0.11757	0.12126	0.09822	0.10841	0.08466	0.09462	0.08943	0.10078	0.09896	0.09869	0.09523	0.10824	0.10218	0.09942	0.09635	0.10603	0.09843	0.10799	0.09746	0.11561	0.10227	0.10397	0.11294	0.11428	0.10897	0.10103	0.12411	0.11486	0.10632	0.10495	0.1098	0.11722	0.09802	0.09402	0.09944	0.1031	0.10697	0.09945	0.10786	0.10757	0.11492
0.10201	0.1069	0.10173	0.09997	0.10049	0.10312	0.09861	0.10128	0.09663	0.10412	0.10023	0.10511	0.09147	0.0961	0.09286	0.10246	0.0991	0.10404	0.09804	0.10179	0.0957	0.10346	0.08881	0.09985	0.10564	0	0.09486	0.09531	0.0977	0.10154	0.10183	0.10176	0.09516	0.08859	0.10031	0.10165	0.09686	0.09367	0.09823	0.09595	0.10333	0.11186	0.09397	0.10516	0.09359	0.10745	0.08863	0.10797	0.10897	0.10572	0.10524	0.10139	0.10651	0.09612	0.10173	0.10134	0.10069	0.10219	0.10137	0.10279	0.1012	0.10478	0.10057	0.08606	0.09586	0.09432	0.09452	0.10081	0.10812	0.09713	0.10341	0.10329	0.10049	0.10834	0.10658	0.10745	0.09806	0.08739	0.0923	0.09528	0.11046	0.1068	0.09599	0.10404	0.09901	0.10868	0.10738	0.09676	0.09794	0.10779	0.0985	0.1035	0.09938	0.10157	0.09228	0.10137	0.10271	0.10368	0.09597	0.10832	0.10798	0.10318	0.1005	0.10025	0.10546	0.10866	0.09888	0.09713	0.10325	0.0913	0.0905	0.10128	0.09926	0.10052
0.1072	0.10888	0.10496	0.10242	0.10866	0.1107	0.10657	0.10463	0.09662	0.10514	0.0995	0.11344	0.08937	0.10614	0.09036	0.10987	0.10007	0.11014	0.10101	0.10769	0.09959	0.1133	0.10328	0.11197	0.11209	0.09486	0	0.10051	0.10679	0.09816	0.11495	0.11247	0.10625	0.09848	0.10996	0.11231	0.10166	0.10239	0.10697	0.10328	0.11672	0.11976	0.11142	0.11878	0.10577	0.1144	0.10977	0.11499	0.11429	0.11814	0.112	0.11013	0.11607	0.10486	0.10483	0.11375	0.1146	0.10929	0.11127	0.11221	0.10441	0.11568	0.10937	0.09076	0.09843	0.09517	0.10285	0.10463	0.12162	0.11135	0.11284	0.10806	0.10777	0.12293	0.11812	0.11777	0.10606	0.08955	0.09985	0.10688	0.11907	0.11895	0.1103	0.11678	0.10434	0.1199	0.12002	0.10691	0.10961	0.11774	0.10517	0.11911	0.10801	0.11103	0.10509	0.11459	0.1155	0.11381	0.10039	0.11775	0.11593	0.10781	0.10327	0.10618	0.11356	0.11594	0.11044	0.10537	0.1083	0.10029	0.09633	0.10825	0.10246	0.10972
0.10517	0.10758	0.1007	0.09701	0.1068	0.10551	0.10916	0.10528	0.09346	0.10835	0.10144	0.10742	0.08879	0.10395	0.09167	0.10421	0.10108	0.11061	0.10027	0.10615	0.09972	0.10769	0.09384	0.1119	0.10539	0.09531	0.10051	0	0.09751	0.10336	0.11257	0.11165	0.09768	0.09531	0.11057	0.10784	0.10234	0.10015	0.10391	0.10508	0.10977	0.11964	0.10149	0.11446	0.10424	0.11151	0.10624	0.11752	0.11353	0.11	0.11118	0.10502	0.1105	0.10466	0.10515	0.11146	0.10775	0.10877	0.10947	0.10892	0.10362	0.11052	0.10706	0.08759	0.09213	0.0991	0.1002	0.10492	0.11962	0.10721	0.10623	0.10807	0.1072	0.11411	0.11323	0.11919	0.10424	0.09363	0.1012	0.10061	0.1211	0.11472	0.10173	0.1084	0.10409	0.11919	0.11111	0.10941	0.10448	0.11578	0.1041	0.11629	0.10839	0.10887	0.09894	0.1105	0.11156	0.1092	0.09774	0.11656	0.11306	0.10495	0.10547	0.10053	0.10994	0.11894	0.10415	0.10287	0.10704	0.09691	0.09013	0.10429	0.10136	0.10688
0.10748	0.111	0.10433	0.09757	0.10782	0.11011	0.10046	0.1039	0.09527	0.10766	0.10307	0.10712	0.09061	0.10251	0.09023	0.10391	0.10145	0.10916	0.09942	0.10913	0.09671	0.10583	0.09244	0.10057	0.0991	0.0977	0.10679	0.09751	0	0.1046	0.11252	0.09807	0.09911	0.09094	0.10867	0.11139	0.1044	0.09819	0.10437	0.10304	0.10988	0.1159	0.10068	0.1111	0.10204	0.11014	0.09315	0.11213	0.11391	0.11039	0.10975	0.1057	0.11155	0.10197	0.10576	0.11054	0.1073	0.10849	0.10567	0.10902	0.10491	0.11029	0.10615	0.08499	0.09634	0.09904	0.10256	0.10532	0.109	0.10395	0.10935	0.1085	0.10816	0.11589	0.11142	0.10557	0.10138	0.082	0.09239	0.09229	0.11417	0.10459	0.10359	0.10502	0.1069	0.10855	0.10842	0.101	0.10482	0.10265	0.10492	0.10798	0.10878	0.10337	0.09882	0.11173	0.11359	0.10982	0.09644	0.11582	0.10992	0.10558	0.09929	0.10132	0.11293	0.1063	0.10307	0.09888	0.10192	0.10295	0.09084	0.1087	0.1021	0.10675
0.10634	0.1071	0.10541	0.10327	0.11119	0.11249	0.10425	0.11016	0.08969	0.10598	0.11291	0.11446	0.09286	0.10949	0.08786	0.10808	0.10235	0.10692	0.1054	0.10704	0.10253	0.11037	0.10538	0.11141	0.1182	0.10154	0.09816	0.10336	0.1046	0	0.11849	0.11413	0.10433	0.101	0.11341	0.11123	0.10364	0.10725	0.10734	0.10717	0.12077	0.11632	0.09805	0.11849	0.10222	0.1099	0.10225	0.11868	0.11519	0.11181	0.11464	0.1169	0.11747	0.10439	0.10877	0.11617	0.11591	0.10884	0.11	0.10893	0.10602	0.11696	0.1078	0.08843	0.09803	0.10029	0.10233	0.10642	0.11413	0.10698	0.10718	0.10728	0.11234	0.10946	0.10946	0.11895	0.1083	0.08864	0.10145	0.10264	0.12507	0.11759	0.10244	0.11567	0.10908	0.11846	0.11398	0.10638	0.10888	0.11557	0.10798	0.11689	0.10645	0.11415	0.10101	0.11873	0.11611	0.11528	0.09942	0.11513	0.11227	0.10652	0.10647	0.10845	0.11468	0.11135	0.10222	0.10282	0.10973	0.10182	0.09522	0.10445	0.10809	0.10895
0.11752	0.12138	0.11384	0.10222	0.11287	0.11506	0.10984	0.10814	0.1021	0.11497	0.1131	0.11676	0.10139	0.1136	0.10135	0.11875	0.11274	0.11789	0.10866	0.11754	0.10583	0.11714	0.09894	0.11347	0.11543	0.10183	0.11495	0.11257	0.11252	0.11849	0	0.11643	0.11135	0.10267	0.12087	0.11834	0.11179	0.1082	0.11622	0.11644	0.12266	0.12557	0.11497	0.12569	0.11994	0.12744	0.10182	0.12441	0.12326	0.11814	0.12232	0.11515	0.12118	0.10621	0.11237	0.11898	0.11911	0.11788	0.11805	0.11605	0.11749	0.12421	0.11623	0.10098	0.10384	0.1042	0.10917	0.10959	0.12141	0.11136	0.12533	0.1174	0.11953	0.12644	0.12487	0.12014	0.11393	0.09852	0.10841	0.10759	0.12706	0.11997	0.1041	0.11557	0.10851	0.12202	0.11669	0.10951	0.11168	0.1245	0.11025	0.12432	0.11166	0.12108	0.10956	0.12049	0.12465	0.1219	0.10343	0.13221	0.11874	0.11094	0.11417	0.11409	0.12552	0.12211	0.11708	0.10768	0.11717	0.11049	0.10382	0.11562	0.11447	0.12147
0.1156	0.1187	0.10887	0.10641	0.11241	0.11531	0.1108	0.10706	0.0997	0.11106	0.11085	0.11416	0.09936	0.11017	0.09859	0.11513	0.11104	0.11518	0.11105	0.11541	0.10609	0.1018	0.08914	0.09923	0.10079	0.10176	0.11247	0.11165	0.09807	0.11413	0.11643	0	0.10683	0.09197	0.11126	0.11259	0.10802	0.1011	0.10949	0.10822	0.11747	0.11743	0.10857	0.11609	0.10237	0.11756	0.09781	0.11498	0.11673	0.11337	0.11555	0.10832	0.11509	0.1001	0.11105	0.11644	0.11111	0.11124	0.11046	0.10984	0.11335	0.11394	0.11225	0.09841	0.09268	0.10083	0.10853	0.10896	0.10384	0.10921	0.11553	0.11545	0.11384	0.11481	0.11444	0.09991	0.10787	0.08619	0.09546	0.08948	0.10992	0.10003	0.10031	0.10049	0.10985	0.10351	0.0996	0.10451	0.1085	0.10268	0.11158	0.10332	0.11494	0.10732	0.10496	0.11341	0.11281	0.11243	0.09686	0.12509	0.11085	0.10851	0.1028	0.10875	0.11832	0.0999	0.09999	0.09104	0.10447	0.09479	0.09996	0.11342	0.11303	0.1103
0.10018	0.09856	0.09277	0.08877	0.09606	0.10067	0.09589	0.09475	0.08977	0.10256	0.09985	0.10208	0.08209	0.10082	0.08556	0.10403	0.09962	0.10235	0.09272	0.10034	0.09289	0.10745	0.09227	0.1067	0.10798	0.09516	0.10625	0.09768	0.09911	0.10433	0.11135	0.10683	0	0.0869	0.10335	0.10265	0.09706	0.09168	0.09843	0.09876	0.10936	0.10992	0.09035	0.10881	0.10019	0.10677	0.08879	0.1085	0.10907	0.1021	0.10485	0.09956	0.10589	0.09025	0.09612	0.10092	0.1015	0.10367	0.10445	0.10339	0.10108	0.10349	0.09907	0.08378	0.08573	0.09094	0.09689	0.10009	0.11136	0.09642	0.10188	0.09954	0.0987	0.10566	0.10685	0.11204	0.09894	0.08186	0.08875	0.09468	0.11206	0.10844	0.09325	0.10614	0.09706	0.1143	0.11091	0.10153	0.10083	0.11131	0.09736	0.11094	0.10594	0.10638	0.09363	0.1065	0.10646	0.10467	0.09162	0.11256	0.10517	0.09552	0.09659	0.09561	0.10888	0.11157	0.10066	0.09488	0.09796	0.09781	0.09042	0.09996	0.0999	0.10055
0.09773	0.09799	0.09195	0.08784	0.09488	0.10054	0.09716	0.09155	0.08316	0.09688	0.09414	0.10269	0.08154	0.09561	0.08106	0.09769	0.09138	0.09906	0.09445	0.09722	0.0925	0.08858	0.08033	0.0915	0.09024	0.08859	0.09848	0.09531	0.09094	0.101	0.10267	0.09197	0.0869	0	0.09589	0.09866	0.0908	0.08528	0.09496	0.09113	0.09976	0.10125	0.08657	0.10135	0.08782	0.09989	0.08289	0.1025	0.09483	0.09955	0.09764	0.09047	0.09604	0.08895	0.09811	0.09743	0.09131	0.09167	0.09732	0.09706	0.09429	0.09572	0.09553	0.08354	0.08576	0.09019	0.09098	0.09779	0.0979	0.09852	0.10416	0.09879	0.10196	0.10336	0.10267	0.09452	0.08827	0.07643	0.08721	0.08476	0.09289	0.08801	0.08941	0.08922	0.09181	0.09101	0.09466	0.08979	0.09811	0.09148	0.09788	0.09069	0.09789	0.09682	0.09518	0.10103	0.09726	0.10054	0.08639	0.11001	0.09942	0.09414	0.09004	0.09599	0.10181	0.09427	0.094	0.08751	0.09564	0.08815	0.08837	0.09674	0.09499	0.09652
0.10695	0.10881	0.09846	0.09614	0.10552	0.10677	0.10233	0.10141	0.09758	0.10484	0.10566	0.11343	0.0864	0.10345	0.08663	0.10804	0.10154	0.10681	0.10197	0.10726	0.09834	0.11138	0.09579	0.11341	0.11169	0.10031	0.10996	0.11057	0.10867	0.11341	0.12087	0.11126	0.10335	0.09589	0	0.10979	0.09841	0.09847	0.09518	0.09612	0.10522	0.10898	0.09401	0.10658	0.09528	0.1021	0.09022	0.1029	0.10296	0.1024	0.10142	0.09718	0.10505	0.0987	0.10484	0.11382	0.09882	0.0984	0.10061	0.1014	0.10921	0.10209	0.09929	0.08404	0.09295	0.09448	0.09932	0.10419	0.11858	0.09774	0.10828	0.10556	0.10626	0.10135	0.10806	0.11492	0.1063	0.08589	0.09649	0.1032	0.11486	0.11549	0.10184	0.11678	0.10711	0.1155	0.11744	0.10556	0.10942	0.11592	0.10456	0.11168	0.1138	0.11089	0.10555	0.10251	0.10171	0.1027	0.09355	0.10748	0.09903	0.10775	0.10418	0.10318	0.10538	0.11604	0.09893	0.10116	0.10782	0.09202	0.09149	0.10588	0.10281	0.11041
0.10463	0.10483	0.09754	0.09542	0.10215	0.10422	0.1031	0.10216	0.09137	0.10053	0.10184	0.1088	0.08376	0.10522	0.09153	0.10383	0.10099	0.1053	0.09891	0.106	0.09762	0.11202	0.10144	0.11224	0.11254	0.10165	0.11231	0.10784	0.11139	0.11123	0.11834	0.11259	0.10265	0.09866	0.10979	0	0.10023	0.09625	0.10778	0.10487	0.1148	0.11298	0.09816	0.11149	0.10399	0.11257	0.1009	0.11507	0.11098	0.10868	0.11182	0.10248	0.1144	0.10466	0.10733	0.10855	0.10983	0.10966	0.10859	0.10869	0.10446	0.10993	0.10493	0.09064	0.09093	0.09532	0.1002	0.10727	0.12379	0.10679	0.10208	0.10591	0.10413	0.11428	0.10968	0.11979	0.10665	0.08879	0.09646	0.10307	0.11919	0.11355	0.10121	0.11393	0.10665	0.11697	0.11755	0.10957	0.10353	0.11628	0.10712	0.11843	0.11225	0.10863	0.10394	0.10724	0.10894	0.11267	0.10008	0.1117	0.10537	0.10551	0.10261	0.10386	0.11095	0.11862	0.1039	0.10215	0.1086	0.10592	0.09228	0.10892	0.10426	0.10893
0.09977	0.10338	0.09605	0.09607	0.10397	0.10602	0.09877	0.09949	0.09122	0.10424	0.09474	0.10861	0.08653	0.09834	0.08255	0.10275	0.0999	0.10283	0.09492	0.10155	0.09585	0.10588	0.08834	0.1073	0.10458	0.09686	0.10166	0.10234	0.1044	0.10364	0.11179	0.10802	0.09706	0.0908	0.09841	0.10023	0	0.08939	0.09473	0.09615	0.10077	0.10389	0.08671	0.10455	0.09381	0.1008	0.08901	0.09857	0.10301	0.09802	0.09645	0.09499	0.09784	0.09334	0.09801	0.1039	0.09941	0.09295	0.09726	0.09313	0.09771	0.10076	0.09451	0.07597	0.08014	0.09165	0.0992	0.09871	0.11129	0.09662	0.1026	0.10159	0.09971	0.10859	0.10389	0.11427	0.09833	0.08408	0.09122	0.09419	0.11586	0.10811	0.09965	0.10662	0.10044	0.11082	0.10969	0.09613	0.10239	0.10647	0.09903	0.10913	0.10333	0.10568	0.09346	0.09868	0.09776	0.09732	0.092	0.10101	0.10016	0.09872	0.10138	0.10427	0.10416	0.10803	0.09884	0.09428	0.10449	0.08427	0.08637	0.09837	0.10056	0.10324
0.09724	0.10227	0.10112	0.09331	0.0985	0.09862	0.09496	0.09505	0.08584	0.09501	0.09236	0.10198	0.0828	0.09267	0.08045	0.09547	0.09217	0.09599	0.09155	0.10271	0.09271	0.10587	0.0899	0.10042	0.10552	0.09367	0.10239	0.10015	0.09819	0.10725	0.1082	0.1011	0.09168	0.08528	0.09847	0.09625	0.08939	0	0.09476	0.09723	0.10142	0.10238	0.08904	0.09807	0.09181	0.10377	0.08823	0.09941	0.1005	0.09859	0.09825	0.09501	0.09905	0.08866	0.09205	0.09939	0.09725	0.09633	0.09624	0.0917	0.09495	0.10173	0.09594	0.08233	0.08446	0.09024	0.08887	0.09735	0.11242	0.09195	0.09738	0.0938	0.09645	0.10225	0.10193	0.10957	0.09329	0.08122	0.08912	0.09194	0.11401	0.10529	0.09408	0.10679	0.0918	0.10475	0.10621	0.09771	0.09936	0.10715	0.09627	0.10803	0.0996	0.10192	0.09421	0.09838	0.10284	0.09763	0.08671	0.10427	0.1002	0.09786	0.09609	0.09384	0.10178	0.11015	0.09503	0.09266	0.10066	0.09084	0.08436	0.09707	0.09715	0.10056
0.10227	0.10926	0.1	0.0971	0.10626	0.10841	0.10676	0.10098	0.09671	0.10415	0.10456	0.11278	0.09033	0.10226	0.08961	0.10266	0.09701	0.10494	0.09953	0.10609	0.09712	0.11007	0.09489	0.10623	0.10554	0.09823	0.10697	0.10391	0.10437	0.10734	0.11622	0.10949	0.09843	0.09496	0.09518	0.10778	0.09473	0.09476	0	0.09302	0.09869	0.10431	0.09035	0.10298	0.09612	0.10013	0.09713	0.10241	0.10446	0.09392	0.1005	0.09253	0.09756	0.09333	0.09946	0.10435	0.09545	0.0907	0.09817	0.09426	0.10179	0.10475	0.09774	0.07383	0.08949	0.09786	0.10175	0.10219	0.11651	0.09764	0.1052	0.10512	0.1093	0.10161	0.10246	0.11632	0.10187	0.08226	0.09163	0.10014	0.1155	0.11349	0.10419	0.1068	0.10258	0.11431	0.11291	0.10166	0.10382	0.11123	0.10502	0.1119	0.10565	0.10658	0.0993	0.10026	0.09434	0.09697	0.08675	0.10396	0.10137	0.10489	0.10431	0.10203	0.10083	0.10755	0.10056	0.10156	0.10755	0.09252	0.08957	0.10394	0.0994	0.105
0.101	0.10191	0.09187	0.09425	0.09948	0.0983	0.09978	0.09659	0.08455	0.09714	0.10128	0.10682	0.08222	0.10366	0.08308	0.10183	0.09888	0.1037	0.0947	0.10218	0.09617	0.10724	0.09292	0.10309	0.10544	0.09595	0.10328	0.10508	0.10304	0.10717	0.11644	0.10822	0.09876	0.09113	0.09612	0.10487	0.09615	0.09723	0.09302	0	0.09667	0.08954	0.08003	0.09326	0.08031	0.08996	0.07912	0.09924	0.09283	0.09304	0.09531	0.08739	0.09627	0.09037	0.10231	0.10442	0.09831	0.08845	0.09767	0.08804	0.10166	0.09232	0.08854	0.07382	0.08254	0.09682	0.10221	0.10276	0.12048	0.08803	0.09675	0.09767	0.09493	0.09313	0.09405	0.11125	0.10205	0.07894	0.08321	0.09297	0.10994	0.11095	0.09782	0.10673	0.09765	0.11803	0.11096	0.10491	0.10252	0.11183	0.10023	0.10921	0.10493	0.10413	0.09977	0.09289	0.09836	0.09553	0.0927	0.10194	0.09023	0.09687	0.10548	0.10377	0.10093	0.10706	0.09436	0.09368	0.10311	0.08877	0.08553	0.10021	0.10367	0.10311
0.11224	0.11385	0.11099	0.10391	0.10672	0.10739	0.11131	0.10234	0.10145	0.10728	0.10339	0.11866	0.08902	0.107	0.09699	0.10877	0.10963	0.11172	0.10575	0.10785	0.1067	0.11001	0.09696	0.11561	0.1144	0.10333	0.11672	0.10977	0.10988	0.12077	0.12266	0.11747	0.10936	0.09976	0.10522	0.1148	0.10077	0.10142	0.09869	0.09667	0	0.09015	0.08854	0.09939	0.09559	0.10078	0.0868	0.10135	0.10239	0.09806	0.1001	0.09641	0.09653	0.09698	0.10218	0.11045	0.10114	0.09832	0.09688	0.09523	0.11	0.09783	0.10159	0.07436	0.09529	0.10039	0.10705	0.11091	0.11954	0.09904	0.10749	0.11112	0.10913	0.10417	0.09918	0.1167	0.1087	0.09217	0.09463	0.10947	0.11823	0.1186	0.11059	0.11488	0.10387	0.12268	0.11681	0.10961	0.11185	0.11524	0.10618	0.11412	0.11905	0.11054	0.1053	0.09436	0.10599	0.1029	0.09263	0.10516	0.09958	0.10919	0.11027	0.10619	0.10083	0.11571	0.10176	0.10432	0.11071	0.09386	0.0972	0.10919	0.10355	0.11316
0.11391	0.11549	0.10622	0.10415	0.11331	0.11082	0.10602	0.10792	0.09483	0.1116	0.11176	0.11742	0.09209	0.11251	0.09918	0.11341	0.10852	0.11499	0.10625	0.11377	0.10755	0.11326	0.10498	0.11329	0.11974	0.11186	0.11976	0.11964	0.1159	0.11632	0.12557	0.11743	0.10992	0.10125	0.10898	0.11298	0.10389	0.10238	0.10431	0.08954	0.09015	0	0.08948	0.10199	0.09351	0.0997	0.08685	0.10538	0.10301	0.09908	0.10568	0.10137	0.10306	0.10209	0.10565	0.11648	0.10498	0.09952	0.09992	0.10321	0.10995	0.09662	0.09839	0.08332	0.09879	0.10103	0.10583	0.11829	0.12574	0.09925	0.10888	0.10569	0.11016	0.11097	0.10198	0.1189	0.11335	0.09032	0.1015	0.10287	0.12064	0.11526	0.11051	0.11636	0.10952	0.12219	0.12086	0.1117	0.11815	0.11807	0.10794	0.11925	0.11687	0.1152	0.10447	0.09528	0.10636	0.1052	0.09563	0.10643	0.09724	0.10952	0.1146	0.11099	0.10483	0.11542	0.10816	0.10439	0.11187	0.09101	0.09645	0.11332	0.10667	0.11351
0.09761	0.09901	0.09728	0.09373	0.10003	0.0903	0.09756	0.09717	0.08602	0.09521	0.08867	0.10436	0.0796	0.10123	0.09008	0.09448	0.09884	0.10269	0.09739	0.09682	0.0906	0.10193	0.09089	0.10905	0.10802	0.09397	0.11142	0.10149	0.10068	0.09805	0.11497	0.10857	0.09035	0.08657	0.09401	0.09816	0.08671	0.08904	0.09035	0.08003	0.08854	0.08948	0	0.09164	0.08392	0.08674	0.06769	0.0926	0.08824	0.09208	0.08725	0.08494	0.08636	0.08249	0.09122	0.09596	0.08452	0.08213	0.08447	0.08736	0.09695	0.08891	0.08689	0.07159	0.09001	0.08855	0.09595	0.10514	0.11556	0.08481	0.09069	0.09729	0.09102	0.09122	0.09501	0.11059	0.09531	0.07988	0.08854	0.09062	0.11093	0.10715	0.09277	0.10541	0.09626	0.11727	0.1104	0.097	0.09523	0.10639	0.09838	0.11183	0.10173	0.10168	0.08944	0.08508	0.09196	0.08692	0.08131	0.09191	0.0844	0.0949	0.10059	0.09993	0.08997	0.10891	0.09545	0.09472	0.10494	0.07774	0.08222	0.09825	0.09718	0.1042
0.11205	0.11396	0.11153	0.10614	0.11014	0.11379	0.11166	0.10761	0.10144	0.11276	0.107	0.11294	0.09236	0.10952	0.09527	0.1128	0.11059	0.11204	0.10589	0.11056	0.10522	0.10838	0.10371	0.11261	0.11491	0.10516	0.11878	0.11446	0.1111	0.11849	0.12569	0.11609	0.10881	0.10135	0.10658	0.11149	0.10455	0.09807	0.10298	0.09326	0.09939	0.10199	0.09164	0	0.09406	0.09467	0.08779	0.10379	0.10233	0.10018	0.10295	0.09839	0.10364	0.09795	0.10543	0.10998	0.10387	0.09605	0.10283	0.10117	0.11019	0.09872	0.09585	0.08202	0.09139	0.0977	0.10831	0.11234	0.12234	0.09731	0.10417	0.10721	0.1079	0.10295	0.10495	0.11861	0.11378	0.09699	0.09762	0.10509	0.12302	0.11744	0.10578	0.11509	0.10807	0.11976	0.12076	0.11108	0.11054	0.11855	0.10702	0.11913	0.11603	0.11331	0.107	0.10063	0.10542	0.10016	0.09167	0.10715	0.09578	0.10847	0.11241	0.1126	0.10602	0.11912	0.10711	0.10503	0.11025	0.08976	0.09187	0.11446	0.10822	0.11239
